week/I:mult/I:angle/D
103 2 0.1504097
103 1 0.1372460
104 2 0.1475812
104 1 0.1300985
105 2 0.1460353
105 1 0.1372181
106 2 0.1539837
106 1 0.1291011
107 2 0.1468117
107 1 0.1306827
108 2 0.1491618
108 1 0.1355994
109 2 0.1532560
109 1 0.1355287
110 2 0.1515885
110 1 0.1377002
111 2 0.1539837
111 1 0.1373095
112 2 0.1539837
112 1 0.1373095
113 2 0.1532507
113 1 0.1404048
114 2 0.1684763
114 1 0.1543774
115 2 0.1684763
115 1 0.1543774
116 2 0.1837252
116 1 0.1666985
117 2 0.1737193
117 1 0.1633623
118 2 0.1751305
118 1 0.1571349
119 2 0.1706008
119 1 0.1537991
120 2 0.1608187
120 1 0.1464642
121 2 0.1599808
121 1 0.1530367
122 2 0.1599526
122 1 0.1455793
123 2 0.1591892
123 1 0.1467976
124 2 0.1671015
124 1 0.1517610
125 2 0.1745437
125 1 0.1591402
