week/I:mult/I:angle/D
244 2 0.2369699
244 1 0.2206361
245 2 0.2369699
245 1 0.2206361
247 2 0.2395136
247 1 0.2253784
248 2 0.2370356
248 1 0.2244895
249 2 0.2383675
249 1 0.2215167
250 2 0.2368935
250 1 0.2222560
251 2 0.2386177
251 1 0.2235940
252 2 0.2372970
252 1 0.2232563
253 2 0.2380114
253 1 0.2199902
254 2 0.2380295
254 1 0.2241934
255 2 0.2368106
255 1 0.2212457
256 2 0.2401865
256 1 0.2267372
257 2 0.2393876
257 1 0.2200425
258 2 0.2434323
258 1 0.2286994
260 2 0.2373855
260 1 0.2253453
261 2 0.2389375
261 1 0.2252092
262 2 0.2417817
262 1 0.2255886
263 2 0.2382360
263 1 0.2239302
264 2 0.2390084
264 1 0.2228676
265 2 0.2381868
265 1 0.2234104
266 2 0.2391514
266 1 0.2246160
267 2 0.2386608
267 1 0.2218101
268 2 0.2389722
268 1 0.2232260
269 2 0.2408775
269 1 0.2229247
270 2 0.2425701
270 1 0.2217590
271 2 0.2415894
271 1 0.2258743
272 2 0.2370187
272 1 0.2229235
273 2 0.2395912
273 1 0.2261013
274 2 0.2392754
274 1 0.2258659
275 2 0.2382767
275 1 0.2239921
276 2 0.2382360
276 1 0.2205461
277 2 0.2341767
277 1 0.2205461
278 2 0.2372190
278 1 0.2213043
279 2 0.2357356
279 1 0.2230987
280 2 0.2382906
280 1 0.2195198
281 2 0.2382360
281 1 0.2217740
282 2 0.2382360
282 1 0.2232260
283 2 0.2349395
283 1 0.2189228
284 2 0.2382360
284 1 0.2232260
285 2 0.2347314
285 1 0.2247502
286 2 0.2382360
286 1 0.2225743
287 2 0.2381324
287 1 0.2206323
288 2 0.2362607
288 1 0.2206961
289 2 0.2369916
289 1 0.2218800
290 2 0.2362211
290 1 0.2206044
291 2 0.2379118
291 1 0.2215464
292 2 0.2386416
292 1 0.2233590
293 2 0.2387221
293 1 0.2271167
294 2 0.2398817
294 1 0.2250305
295 2 0.2380107
295 1 0.2228995
296 2 0.2375006
296 1 0.2295983
297 2 0.2387341
297 1 0.2274132
298 2 0.2361800
298 1 0.2240532
