Angle;Correlation_p0;Correlation_p1;Correlation_p2;Ionization_Calibration_p0;Ionization_Calibration_p1;Ionization_Calibration_p2;Ionization_Resolution_p0;Ionization_Resolution_p1;Ionization_Resolution_p2;Ionization_TriggerEfficiency_p0;Ionization_TriggerEfficiency_p1;Multiplicity;Rotated_Calibration_p0;Rotated_Calibration_p1;Rotated_Calibration_p2;Rotated_Resolution_p0;Rotated_Resolution_p1;Rotated_Resolution_p2;Rotated_TriggerEfficiency_p0;Rotated_TriggerEfficiency_p1;Scintillation_Calibration_p0;Scintillation_Calibration_p1;Scintillation_Calibration_p2;Scintillation_Resolution_p0;Scintillation_Resolution_p1;Scintillation_Resolution_p2;Scintillation_TriggerEfficiency_p0;Scintillation_TriggerEfficiency_p1;TriggerEfficiency_Correlation_p0;WeekIndex;end_time;end_time_sec;start_time;start_time_sec
0.5369;0.0;0.0;0.0;0.0;0.0;0.0;0.0;0.0;0.0;0.0;0.0;MS;95.2375255938;0.993381805995;0.0;2.04472862472;0.0164173907215;0.0;0.0;0.0;0.0;0.0;0.0;0.0;0.0;0.0;0.0;0.0;0.0;0;2011-09-16 11:00:00;1316170800;2000-01-01 00:00:00;946684800
0.5551;0.0;0.0;0.0;0.0;0.0;0.0;0.0;0.0;0.0;0.0;0.0;SS;87.3529833647;0.974166083787;0.0;1.75774959921;25.5733907315;0.0;0.0;0.0;0.0;0.0;0.0;0.0;0.0;0.0;0.0;0.0;0.0;0;2011-09-16 11:00:00;1316170800;2000-01-01 00:00:00;946684800
0.5369;0.0;0.0;0.0;0.0;0.0;0.0;0.0;0.0;0.0;0.0;0.0;MS;95.2375255938;0.993381805995;0.0;2.04472862472;0.0164173907215;0.0;0.0;0.0;0.0;0.0;0.0;0.0;0.0;0.0;0.0;0.0;0.0;1;2011-09-21 03:00:00;1316574000;2011-09-16 11:00:00;1316170800
0.5551;0.0;0.0;0.0;0.0;0.0;0.0;0.0;0.0;0.0;0.0;0.0;SS;87.3529833647;0.974166083787;0.0;1.75774959921;25.5733907315;0.0;0.0;0.0;0.0;0.0;0.0;0.0;0.0;0.0;0.0;0.0;0.0;1;2011-09-21 03:00:00;1316574000;2011-09-16 11:00:00;1316170800
0.5369;0.0;0.0;0.0;0.0;0.0;0.0;0.0;0.0;0.0;0.0;0.0;MS;95.2375255938;0.993381805995;0.0;2.04472862472;0.0164173907215;0.0;0.0;0.0;0.0;0.0;0.0;0.0;0.0;0.0;0.0;0.0;0.0;2;2011-09-28 16:00:00;1317225600;2011-09-21 03:00:00;1316574000
0.5551;0.0;0.0;0.0;0.0;0.0;0.0;0.0;0.0;0.0;0.0;0.0;SS;87.3529833647;0.974166083787;0.0;1.75774959921;25.5733907315;0.0;0.0;0.0;0.0;0.0;0.0;0.0;0.0;0.0;0.0;0.0;0.0;2;2011-09-28 16:00:00;1317225600;2011-09-21 03:00:00;1316574000
0.5369;0.0;0.0;0.0;0.0;0.0;0.0;0.0;0.0;0.0;0.0;0.0;MS;95.2375255938;0.993381805995;0.0;2.04472862472;0.0164173907215;0.0;0.0;0.0;0.0;0.0;0.0;0.0;0.0;0.0;0.0;0.0;0.0;3;2011-10-01 01:13:00;1317431580;2011-09-28 16:00:00;1317225600
0.5551;0.0;0.0;0.0;0.0;0.0;0.0;0.0;0.0;0.0;0.0;0.0;SS;87.3529833647;0.974166083787;0.0;1.75774959921;25.5733907315;0.0;0.0;0.0;0.0;0.0;0.0;0.0;0.0;0.0;0.0;0.0;0.0;3;2011-10-01 01:13:00;1317431580;2011-09-28 16:00:00;1317225600
0.5369;0.0;0.0;0.0;0.0;0.0;0.0;0.0;0.0;0.0;0.0;0.0;MS;95.2375255938;0.993381805995;0.0;2.04472862472;0.0164173907215;0.0;0.0;0.0;0.0;0.0;0.0;0.0;0.0;0.0;0.0;0.0;0.0;4;2011-10-09 18:00:00;1318183200;2011-10-01 01:13:00;1317431580
0.5551;0.0;0.0;0.0;0.0;0.0;0.0;0.0;0.0;0.0;0.0;0.0;SS;87.3529833647;0.974166083787;0.0;1.75774959921;25.5733907315;0.0;0.0;0.0;0.0;0.0;0.0;0.0;0.0;0.0;0.0;0.0;0.0;4;2011-10-09 18:00:00;1318183200;2011-10-01 01:13:00;1317431580
0.5369;0.0;0.0;0.0;0.0;0.0;0.0;0.0;0.0;0.0;0.0;0.0;MS;95.2375255938;0.993381805995;0.0;2.04472862472;0.0164173907215;0.0;0.0;0.0;0.0;0.0;0.0;0.0;0.0;0.0;0.0;0.0;0.0;5;2011-10-21 11:00:00;1319194800;2011-10-09 18:00:00;1318183200
0.5551;0.0;0.0;0.0;0.0;0.0;0.0;0.0;0.0;0.0;0.0;0.0;SS;87.3529833647;0.974166083787;0.0;1.75774959921;25.5733907315;0.0;0.0;0.0;0.0;0.0;0.0;0.0;0.0;0.0;0.0;0.0;0.0;5;2011-10-21 11:00:00;1319194800;2011-10-09 18:00:00;1318183200
0.5369;0.0;0.0;0.0;0.0;0.0;0.0;0.0;0.0;0.0;0.0;0.0;MS;95.2375255938;0.993381805995;0.0;2.04472862472;0.0164173907215;0.0;0.0;0.0;0.0;0.0;0.0;0.0;0.0;0.0;0.0;0.0;0.0;6;2011-10-28 11:00:00;1319799600;2011-10-21 11:00:00;1319194800
0.5551;0.0;0.0;0.0;0.0;0.0;0.0;0.0;0.0;0.0;0.0;0.0;SS;87.3529833647;0.974166083787;0.0;1.75774959921;25.5733907315;0.0;0.0;0.0;0.0;0.0;0.0;0.0;0.0;0.0;0.0;0.0;0.0;6;2011-10-28 11:00:00;1319799600;2011-10-21 11:00:00;1319194800
0.5369;0.0;0.0;0.0;0.0;0.0;0.0;0.0;0.0;0.0;0.0;0.0;MS;95.2375255938;0.993381805995;0.0;2.04472862472;0.0164173907215;0.0;0.0;0.0;0.0;0.0;0.0;0.0;0.0;0.0;0.0;0.0;0.0;7;2011-11-04 11:00:00;1320404400;2011-10-28 11:00:00;1319799600
0.5551;0.0;0.0;0.0;0.0;0.0;0.0;0.0;0.0;0.0;0.0;0.0;SS;87.3529833647;0.974166083787;0.0;1.75774959921;25.5733907315;0.0;0.0;0.0;0.0;0.0;0.0;0.0;0.0;0.0;0.0;0.0;0.0;7;2011-11-04 11:00:00;1320404400;2011-10-28 11:00:00;1319799600
0.5369;0.0;0.0;0.0;0.0;0.0;0.0;0.0;0.0;0.0;0.0;0.0;MS;95.2375255938;0.993381805995;0.0;2.04472862472;0.0164173907215;0.0;0.0;0.0;0.0;0.0;0.0;0.0;0.0;0.0;0.0;0.0;0.0;8;2011-11-11 11:00:00;1321009200;2011-11-04 11:00:00;1320404400
0.5551;0.0;0.0;0.0;0.0;0.0;0.0;0.0;0.0;0.0;0.0;0.0;SS;87.3529833647;0.974166083787;0.0;1.75774959921;25.5733907315;0.0;0.0;0.0;0.0;0.0;0.0;0.0;0.0;0.0;0.0;0.0;0.0;8;2011-11-11 11:00:00;1321009200;2011-11-04 11:00:00;1320404400
0.5369;0.0;0.0;0.0;0.0;0.0;0.0;0.0;0.0;0.0;0.0;0.0;MS;95.2375255938;0.993381805995;0.0;2.04472862472;0.0164173907215;0.0;0.0;0.0;0.0;0.0;0.0;0.0;0.0;0.0;0.0;0.0;0.0;9;2011-11-18 11:00:00;1321614000;2011-11-11 11:00:00;1321009200
0.5551;0.0;0.0;0.0;0.0;0.0;0.0;0.0;0.0;0.0;0.0;0.0;SS;87.3529833647;0.974166083787;0.0;1.75774959921;25.5733907315;0.0;0.0;0.0;0.0;0.0;0.0;0.0;0.0;0.0;0.0;0.0;0.0;9;2011-11-18 11:00:00;1321614000;2011-11-11 11:00:00;1321009200
0.5369;0.0;0.0;0.0;0.0;0.0;0.0;0.0;0.0;0.0;0.0;0.0;MS;95.2375255938;0.993381805995;0.0;2.04472862472;0.0164173907215;0.0;0.0;0.0;0.0;0.0;0.0;0.0;0.0;0.0;0.0;0.0;0.0;10;2011-11-25 11:00:00;1322218800;2011-11-18 11:00:00;1321614000
0.5551;0.0;0.0;0.0;0.0;0.0;0.0;0.0;0.0;0.0;0.0;0.0;SS;87.3529833647;0.974166083787;0.0;1.75774959921;25.5733907315;0.0;0.0;0.0;0.0;0.0;0.0;0.0;0.0;0.0;0.0;0.0;0.0;10;2011-11-25 11:00:00;1322218800;2011-11-18 11:00:00;1321614000
0.5369;0.0;0.0;0.0;0.0;0.0;0.0;0.0;0.0;0.0;0.0;0.0;MS;95.2375255938;0.993381805995;0.0;2.04472862472;0.0164173907215;0.0;0.0;0.0;0.0;0.0;0.0;0.0;0.0;0.0;0.0;0.0;0.0;11;2011-12-02 11:00:00;1322823600;2011-11-25 11:00:00;1322218800
0.5551;0.0;0.0;0.0;0.0;0.0;0.0;0.0;0.0;0.0;0.0;0.0;SS;87.3529833647;0.974166083787;0.0;1.75774959921;25.5733907315;0.0;0.0;0.0;0.0;0.0;0.0;0.0;0.0;0.0;0.0;0.0;0.0;11;2011-12-02 11:00:00;1322823600;2011-11-25 11:00:00;1322218800
0.5369;0.0;0.0;0.0;0.0;0.0;0.0;0.0;0.0;0.0;0.0;0.0;MS;95.2375255938;0.993381805995;0.0;2.04472862472;0.0164173907215;0.0;0.0;0.0;0.0;0.0;0.0;0.0;0.0;0.0;0.0;0.0;0.0;12;2011-12-09 11:00:00;1323428400;2011-12-02 11:00:00;1322823600
0.5551;0.0;0.0;0.0;0.0;0.0;0.0;0.0;0.0;0.0;0.0;0.0;SS;87.3529833647;0.974166083787;0.0;1.75774959921;25.5733907315;0.0;0.0;0.0;0.0;0.0;0.0;0.0;0.0;0.0;0.0;0.0;0.0;12;2011-12-09 11:00:00;1323428400;2011-12-02 11:00:00;1322823600
0.5369;0.0;0.0;0.0;0.0;0.0;0.0;0.0;0.0;0.0;0.0;0.0;MS;95.2375255938;0.993381805995;0.0;2.04472862472;0.0164173907215;0.0;0.0;0.0;0.0;0.0;0.0;0.0;0.0;0.0;0.0;0.0;0.0;13;2011-12-16 11:00:00;1324033200;2011-12-09 11:00:00;1323428400
0.5551;0.0;0.0;0.0;0.0;0.0;0.0;0.0;0.0;0.0;0.0;0.0;SS;87.3529833647;0.974166083787;0.0;1.75774959921;25.5733907315;0.0;0.0;0.0;0.0;0.0;0.0;0.0;0.0;0.0;0.0;0.0;0.0;13;2011-12-16 11:00:00;1324033200;2011-12-09 11:00:00;1323428400
0.5369;0.0;0.0;0.0;0.0;0.0;0.0;0.0;0.0;0.0;0.0;0.0;MS;95.2375255938;0.993381805995;0.0;2.04472862472;0.0164173907215;0.0;0.0;0.0;0.0;0.0;0.0;0.0;0.0;0.0;0.0;0.0;0.0;14;2011-12-23 11:00:00;1324638000;2011-12-16 11:00:00;1324033200
0.5551;0.0;0.0;0.0;0.0;0.0;0.0;0.0;0.0;0.0;0.0;0.0;SS;87.3529833647;0.974166083787;0.0;1.75774959921;25.5733907315;0.0;0.0;0.0;0.0;0.0;0.0;0.0;0.0;0.0;0.0;0.0;0.0;14;2011-12-23 11:00:00;1324638000;2011-12-16 11:00:00;1324033200
0.5369;0.0;0.0;0.0;0.0;0.0;0.0;0.0;0.0;0.0;0.0;0.0;MS;95.2375255938;0.993381805995;0.0;2.04472862472;0.0164173907215;0.0;0.0;0.0;0.0;0.0;0.0;0.0;0.0;0.0;0.0;0.0;0.0;15;2011-12-30 11:00:00;1325242800;2011-12-23 11:00:00;1324638000
0.5551;0.0;0.0;0.0;0.0;0.0;0.0;0.0;0.0;0.0;0.0;0.0;SS;87.3529833647;0.974166083787;0.0;1.75774959921;25.5733907315;0.0;0.0;0.0;0.0;0.0;0.0;0.0;0.0;0.0;0.0;0.0;0.0;15;2011-12-30 11:00:00;1325242800;2011-12-23 11:00:00;1324638000
0.5369;0.0;0.0;0.0;0.0;0.0;0.0;0.0;0.0;0.0;0.0;0.0;MS;95.2375255938;0.993381805995;0.0;2.04472862472;0.0164173907215;0.0;0.0;0.0;0.0;0.0;0.0;0.0;0.0;0.0;0.0;0.0;0.0;16;2012-01-06 11:00:00;1325847600;2011-12-30 11:00:00;1325242800
0.5551;0.0;0.0;0.0;0.0;0.0;0.0;0.0;0.0;0.0;0.0;0.0;SS;87.3529833647;0.974166083787;0.0;1.75774959921;25.5733907315;0.0;0.0;0.0;0.0;0.0;0.0;0.0;0.0;0.0;0.0;0.0;0.0;16;2012-01-06 11:00:00;1325847600;2011-12-30 11:00:00;1325242800
0.5369;0.0;0.0;0.0;0.0;0.0;0.0;0.0;0.0;0.0;0.0;0.0;MS;95.2375255938;0.993381805995;0.0;2.04472862472;0.0164173907215;0.0;0.0;0.0;0.0;0.0;0.0;0.0;0.0;0.0;0.0;0.0;0.0;17;2012-01-13 11:00:00;1326452400;2012-01-06 11:00:00;1325847600
0.5551;0.0;0.0;0.0;0.0;0.0;0.0;0.0;0.0;0.0;0.0;0.0;SS;87.3529833647;0.974166083787;0.0;1.75774959921;25.5733907315;0.0;0.0;0.0;0.0;0.0;0.0;0.0;0.0;0.0;0.0;0.0;0.0;17;2012-01-13 11:00:00;1326452400;2012-01-06 11:00:00;1325847600
0.5369;0.0;0.0;0.0;0.0;0.0;0.0;0.0;0.0;0.0;0.0;0.0;MS;95.2375255938;0.993381805995;0.0;2.04472862472;0.0164173907215;0.0;0.0;0.0;0.0;0.0;0.0;0.0;0.0;0.0;0.0;0.0;0.0;18;2012-01-20 11:00:00;1327057200;2012-01-13 11:00:00;1326452400
0.5551;0.0;0.0;0.0;0.0;0.0;0.0;0.0;0.0;0.0;0.0;0.0;SS;87.3529833647;0.974166083787;0.0;1.75774959921;25.5733907315;0.0;0.0;0.0;0.0;0.0;0.0;0.0;0.0;0.0;0.0;0.0;0.0;18;2012-01-20 11:00:00;1327057200;2012-01-13 11:00:00;1326452400
0.5369;0.0;0.0;0.0;0.0;0.0;0.0;0.0;0.0;0.0;0.0;0.0;MS;95.2375255938;0.993381805995;0.0;2.04472862472;0.0164173907215;0.0;0.0;0.0;0.0;0.0;0.0;0.0;0.0;0.0;0.0;0.0;0.0;19;2012-01-27 11:00:00;1327662000;2012-01-20 11:00:00;1327057200
0.5551;0.0;0.0;0.0;0.0;0.0;0.0;0.0;0.0;0.0;0.0;0.0;SS;87.3529833647;0.974166083787;0.0;1.75774959921;25.5733907315;0.0;0.0;0.0;0.0;0.0;0.0;0.0;0.0;0.0;0.0;0.0;0.0;19;2012-01-27 11:00:00;1327662000;2012-01-20 11:00:00;1327057200
0.5369;0.0;0.0;0.0;0.0;0.0;0.0;0.0;0.0;0.0;0.0;0.0;MS;95.2375255938;0.993381805995;0.0;2.04472862472;0.0164173907215;0.0;0.0;0.0;0.0;0.0;0.0;0.0;0.0;0.0;0.0;0.0;0.0;20;2012-02-03 11:00:00;1328266800;2012-01-27 11:00:00;1327662000
0.5551;0.0;0.0;0.0;0.0;0.0;0.0;0.0;0.0;0.0;0.0;0.0;SS;87.3529833647;0.974166083787;0.0;1.75774959921;25.5733907315;0.0;0.0;0.0;0.0;0.0;0.0;0.0;0.0;0.0;0.0;0.0;0.0;20;2012-02-03 11:00:00;1328266800;2012-01-27 11:00:00;1327662000
0.5369;0.0;0.0;0.0;0.0;0.0;0.0;0.0;0.0;0.0;0.0;0.0;MS;95.2375255938;0.993381805995;0.0;2.04472862472;0.0164173907215;0.0;0.0;0.0;0.0;0.0;0.0;0.0;0.0;0.0;0.0;0.0;0.0;21;2012-02-10 11:00:00;1328871600;2012-02-03 11:00:00;1328266800
0.5551;0.0;0.0;0.0;0.0;0.0;0.0;0.0;0.0;0.0;0.0;0.0;SS;87.3529833647;0.974166083787;0.0;1.75774959921;25.5733907315;0.0;0.0;0.0;0.0;0.0;0.0;0.0;0.0;0.0;0.0;0.0;0.0;21;2012-02-10 11:00:00;1328871600;2012-02-03 11:00:00;1328266800
0.5369;0.0;0.0;0.0;0.0;0.0;0.0;0.0;0.0;0.0;0.0;0.0;MS;95.2375255938;0.993381805995;0.0;2.04472862472;0.0164173907215;0.0;0.0;0.0;0.0;0.0;0.0;0.0;0.0;0.0;0.0;0.0;0.0;22;2012-02-17 11:00:00;1329476400;2012-02-10 11:00:00;1328871600
0.5551;0.0;0.0;0.0;0.0;0.0;0.0;0.0;0.0;0.0;0.0;0.0;SS;87.3529833647;0.974166083787;0.0;1.75774959921;25.5733907315;0.0;0.0;0.0;0.0;0.0;0.0;0.0;0.0;0.0;0.0;0.0;0.0;22;2012-02-17 11:00:00;1329476400;2012-02-10 11:00:00;1328871600
0.5369;0.0;0.0;0.0;0.0;0.0;0.0;0.0;0.0;0.0;0.0;0.0;MS;95.2375255938;0.993381805995;0.0;2.04472862472;0.0164173907215;0.0;0.0;0.0;0.0;0.0;0.0;0.0;0.0;0.0;0.0;0.0;0.0;23;2012-02-24 11:00:00;1330081200;2012-02-17 11:00:00;1329476400
0.5551;0.0;0.0;0.0;0.0;0.0;0.0;0.0;0.0;0.0;0.0;0.0;SS;87.3529833647;0.974166083787;0.0;1.75774959921;25.5733907315;0.0;0.0;0.0;0.0;0.0;0.0;0.0;0.0;0.0;0.0;0.0;0.0;23;2012-02-24 11:00:00;1330081200;2012-02-17 11:00:00;1329476400
0.5369;0.0;0.0;0.0;0.0;0.0;0.0;0.0;0.0;0.0;0.0;0.0;MS;95.2375255938;0.993381805995;0.0;2.04472862472;0.0164173907215;0.0;0.0;0.0;0.0;0.0;0.0;0.0;0.0;0.0;0.0;0.0;0.0;24;2012-03-02 11:00:00;1330686000;2012-02-24 11:00:00;1330081200
0.5551;0.0;0.0;0.0;0.0;0.0;0.0;0.0;0.0;0.0;0.0;0.0;SS;87.3529833647;0.974166083787;0.0;1.75774959921;25.5733907315;0.0;0.0;0.0;0.0;0.0;0.0;0.0;0.0;0.0;0.0;0.0;0.0;24;2012-03-02 11:00:00;1330686000;2012-02-24 11:00:00;1330081200
0.5369;0.0;0.0;0.0;0.0;0.0;0.0;0.0;0.0;0.0;0.0;0.0;MS;95.2375255938;0.993381805995;0.0;2.04472862472;0.0164173907215;0.0;0.0;0.0;0.0;0.0;0.0;0.0;0.0;0.0;0.0;0.0;0.0;25;2012-03-09 11:00:00;1331290800;2012-03-02 11:00:00;1330686000
0.5551;0.0;0.0;0.0;0.0;0.0;0.0;0.0;0.0;0.0;0.0;0.0;SS;87.3529833647;0.974166083787;0.0;1.75774959921;25.5733907315;0.0;0.0;0.0;0.0;0.0;0.0;0.0;0.0;0.0;0.0;0.0;0.0;25;2012-03-09 11:00:00;1331290800;2012-03-02 11:00:00;1330686000
0.5369;0.0;0.0;0.0;0.0;0.0;0.0;0.0;0.0;0.0;0.0;0.0;MS;95.2375255938;0.993381805995;0.0;2.04472862472;0.0164173907215;0.0;0.0;0.0;0.0;0.0;0.0;0.0;0.0;0.0;0.0;0.0;0.0;26;2012-03-16 11:00:00;1331895600;2012-03-09 11:00:00;1331290800
0.5551;0.0;0.0;0.0;0.0;0.0;0.0;0.0;0.0;0.0;0.0;0.0;SS;87.3529833647;0.974166083787;0.0;1.75774959921;25.5733907315;0.0;0.0;0.0;0.0;0.0;0.0;0.0;0.0;0.0;0.0;0.0;0.0;26;2012-03-16 11:00:00;1331895600;2012-03-09 11:00:00;1331290800
0.5369;0.0;0.0;0.0;0.0;0.0;0.0;0.0;0.0;0.0;0.0;0.0;MS;95.2375255938;0.993381805995;0.0;2.04472862472;0.0164173907215;0.0;0.0;0.0;0.0;0.0;0.0;0.0;0.0;0.0;0.0;0.0;0.0;27;2012-03-23 11:00:00;1332500400;2012-03-16 11:00:00;1331895600
0.5551;0.0;0.0;0.0;0.0;0.0;0.0;0.0;0.0;0.0;0.0;0.0;SS;87.3529833647;0.974166083787;0.0;1.75774959921;25.5733907315;0.0;0.0;0.0;0.0;0.0;0.0;0.0;0.0;0.0;0.0;0.0;0.0;27;2012-03-23 11:00:00;1332500400;2012-03-16 11:00:00;1331895600
0.5369;0.0;0.0;0.0;0.0;0.0;0.0;0.0;0.0;0.0;0.0;0.0;MS;95.2375255938;0.993381805995;0.0;2.04472862472;0.0164173907215;0.0;0.0;0.0;0.0;0.0;0.0;0.0;0.0;0.0;0.0;0.0;0.0;28;2012-03-30 11:00:00;1333105200;2012-03-23 11:00:00;1332500400
0.5551;0.0;0.0;0.0;0.0;0.0;0.0;0.0;0.0;0.0;0.0;0.0;SS;87.3529833647;0.974166083787;0.0;1.75774959921;25.5733907315;0.0;0.0;0.0;0.0;0.0;0.0;0.0;0.0;0.0;0.0;0.0;0.0;28;2012-03-30 11:00:00;1333105200;2012-03-23 11:00:00;1332500400
0.5369;0.0;0.0;0.0;0.0;0.0;0.0;0.0;0.0;0.0;0.0;0.0;MS;95.2375255938;0.993381805995;0.0;2.04472862472;0.0164173907215;0.0;0.0;0.0;0.0;0.0;0.0;0.0;0.0;0.0;0.0;0.0;0.0;29;2012-04-06 11:00:00;1333710000;2012-03-30 11:00:00;1333105200
0.5551;0.0;0.0;0.0;0.0;0.0;0.0;0.0;0.0;0.0;0.0;0.0;SS;87.3529833647;0.974166083787;0.0;1.75774959921;25.5733907315;0.0;0.0;0.0;0.0;0.0;0.0;0.0;0.0;0.0;0.0;0.0;0.0;29;2012-04-06 11:00:00;1333710000;2012-03-30 11:00:00;1333105200
0.5369;0.0;0.0;0.0;0.0;0.0;0.0;0.0;0.0;0.0;0.0;0.0;MS;95.2375255938;0.993381805995;0.0;2.04472862472;0.0164173907215;0.0;0.0;0.0;0.0;0.0;0.0;0.0;0.0;0.0;0.0;0.0;0.0;30;2012-04-13 11:00:00;1334314800;2012-04-06 11:00:00;1333710000
0.5551;0.0;0.0;0.0;0.0;0.0;0.0;0.0;0.0;0.0;0.0;0.0;SS;87.3529833647;0.974166083787;0.0;1.75774959921;25.5733907315;0.0;0.0;0.0;0.0;0.0;0.0;0.0;0.0;0.0;0.0;0.0;0.0;30;2012-04-13 11:00:00;1334314800;2012-04-06 11:00:00;1333710000
0.5369;0.0;0.0;0.0;0.0;0.0;0.0;0.0;0.0;0.0;0.0;0.0;MS;95.2375255938;0.993381805995;0.0;2.04472862472;0.0164173907215;0.0;0.0;0.0;0.0;0.0;0.0;0.0;0.0;0.0;0.0;0.0;0.0;31;2012-04-20 11:00:00;1334919600;2012-04-13 11:00:00;1334314800
0.5551;0.0;0.0;0.0;0.0;0.0;0.0;0.0;0.0;0.0;0.0;0.0;SS;87.3529833647;0.974166083787;0.0;1.75774959921;25.5733907315;0.0;0.0;0.0;0.0;0.0;0.0;0.0;0.0;0.0;0.0;0.0;0.0;31;2012-04-20 11:00:00;1334919600;2012-04-13 11:00:00;1334314800
0.5369;0.0;0.0;0.0;0.0;0.0;0.0;0.0;0.0;0.0;0.0;0.0;MS;95.2375255938;0.993381805995;0.0;2.04472862472;0.0164173907215;0.0;0.0;0.0;0.0;0.0;0.0;0.0;0.0;0.0;0.0;0.0;0.0;32;2012-04-27 11:00:00;1335524400;2012-04-20 11:00:00;1334919600
0.5551;0.0;0.0;0.0;0.0;0.0;0.0;0.0;0.0;0.0;0.0;0.0;SS;87.3529833647;0.974166083787;0.0;1.75774959921;25.5733907315;0.0;0.0;0.0;0.0;0.0;0.0;0.0;0.0;0.0;0.0;0.0;0.0;32;2012-04-27 11:00:00;1335524400;2012-04-20 11:00:00;1334919600
0.5369;0.0;0.0;0.0;0.0;0.0;0.0;0.0;0.0;0.0;0.0;0.0;MS;95.2375255938;0.993381805995;0.0;2.04472862472;0.0164173907215;0.0;0.0;0.0;0.0;0.0;0.0;0.0;0.0;0.0;0.0;0.0;0.0;33;2012-05-04 11:00:00;1336129200;2012-04-27 11:00:00;1335524400
0.5551;0.0;0.0;0.0;0.0;0.0;0.0;0.0;0.0;0.0;0.0;0.0;SS;87.3529833647;0.974166083787;0.0;1.75774959921;25.5733907315;0.0;0.0;0.0;0.0;0.0;0.0;0.0;0.0;0.0;0.0;0.0;0.0;33;2012-05-04 11:00:00;1336129200;2012-04-27 11:00:00;1335524400
0.5369;0.0;0.0;0.0;0.0;0.0;0.0;0.0;0.0;0.0;0.0;0.0;MS;95.2375255938;0.993381805995;0.0;2.04472862472;0.0164173907215;0.0;0.0;0.0;0.0;0.0;0.0;0.0;0.0;0.0;0.0;0.0;0.0;34;2012-05-11 11:00:00;1336734000;2012-05-04 11:00:00;1336129200
0.5551;0.0;0.0;0.0;0.0;0.0;0.0;0.0;0.0;0.0;0.0;0.0;SS;87.3529833647;0.974166083787;0.0;1.75774959921;25.5733907315;0.0;0.0;0.0;0.0;0.0;0.0;0.0;0.0;0.0;0.0;0.0;0.0;34;2012-05-11 11:00:00;1336734000;2012-05-04 11:00:00;1336129200
0.5274;0.0;0.0;0.0;0.0;0.0;0.0;0.0;0.0;0.0;0.0;0.0;MS;102.493436302;0.988733175347;0.0;2.01499473136;0.231163148397;0.0;0.0;0.0;0.0;0.0;0.0;0.0;0.0;0.0;0.0;0.0;0.0;35;2012-05-18 11:00:00;1337338800;2012-05-11 11:00:00;1336734000
0.5127;0.0;0.0;0.0;0.0;0.0;0.0;0.0;0.0;0.0;0.0;0.0;SS;80.5267844741;0.974998620439;0.0;1.80510365003;4.83110787282;0.0;0.0;0.0;0.0;0.0;0.0;0.0;0.0;0.0;0.0;0.0;0.0;35;2012-05-18 11:00:00;1337338800;2012-05-11 11:00:00;1336734000
0.5447;0.0;0.0;0.0;0.0;0.0;0.0;0.0;0.0;0.0;0.0;0.0;MS;101.422060764;0.989813554518;0.0;2.00229227289;10.4244636271;0.0;0.0;0.0;0.0;0.0;0.0;0.0;0.0;0.0;0.0;0.0;0.0;36;2012-05-25 11:00:00;1337943600;2012-05-18 11:00:00;1337338800
0.5227;0.0;0.0;0.0;0.0;0.0;0.0;0.0;0.0;0.0;0.0;0.0;SS;80.9943428682;0.975837519804;0.0;1.79372160581;7.93602947299;0.0;0.0;0.0;0.0;0.0;0.0;0.0;0.0;0.0;0.0;0.0;0.0;36;2012-05-25 11:00:00;1337943600;2012-05-18 11:00:00;1337338800
0.5379;0.0;0.0;0.0;0.0;0.0;0.0;0.0;0.0;0.0;0.0;0.0;MS;99.6657600673;0.990591403261;0.0;1.99789683567;10.4832602626;0.0;0.0;0.0;0.0;0.0;0.0;0.0;0.0;0.0;0.0;0.0;0.0;37;2012-06-01 11:00:00;1338548400;2012-05-25 11:00:00;1337943600
0.5269;0.0;0.0;0.0;0.0;0.0;0.0;0.0;0.0;0.0;0.0;0.0;SS;82.960518778;0.976013416673;0.0;1.76127619055;27.2478735273;0.0;0.0;0.0;0.0;0.0;0.0;0.0;0.0;0.0;0.0;0.0;0.0;37;2012-06-01 11:00:00;1338548400;2012-05-25 11:00:00;1337943600
0.5364;0.0;0.0;0.0;0.0;0.0;0.0;0.0;0.0;0.0;0.0;0.0;MS;106.599199523;0.987979772941;0.0;2.01373539674;0.00057296811574;0.0;0.0;0.0;0.0;0.0;0.0;0.0;0.0;0.0;0.0;0.0;0.0;38;2012-06-08 11:00:00;1339153200;2012-06-01 11:00:00;1338548400
0.546;0.0;0.0;0.0;0.0;0.0;0.0;0.0;0.0;0.0;0.0;0.0;SS;77.2932987167;0.977274837117;0.0;1.77915953091;17.4983931561;0.0;0.0;0.0;0.0;0.0;0.0;0.0;0.0;0.0;0.0;0.0;0.0;38;2012-06-08 11:00:00;1339153200;2012-06-01 11:00:00;1338548400
0.5435;0.0;0.0;0.0;0.0;0.0;0.0;0.0;0.0;0.0;0.0;0.0;MS;106.325999994;0.988982285327;0.0;2.01763307613;10.4475956086;0.0;0.0;0.0;0.0;0.0;0.0;0.0;0.0;0.0;0.0;0.0;0.0;39;2012-06-15 11:00:00;1339758000;2012-06-08 11:00:00;1339153200
0.5315;0.0;0.0;0.0;0.0;0.0;0.0;0.0;0.0;0.0;0.0;0.0;SS;79.4834511446;0.976708398872;0.0;1.64374988538;36.9028877149;0.0;0.0;0.0;0.0;0.0;0.0;0.0;0.0;0.0;0.0;0.0;0.0;39;2012-06-15 11:00:00;1339758000;2012-06-08 11:00:00;1339153200
0.5358;0.0;0.0;0.0;0.0;0.0;0.0;0.0;0.0;0.0;0.0;0.0;MS;109.411271197;0.989121591556;0.0;2.02569675828;0.0458474902088;0.0;0.0;0.0;0.0;0.0;0.0;0.0;0.0;0.0;0.0;0.0;0.0;40;2012-06-22 11:00:00;1340362800;2012-06-15 11:00:00;1339758000
0.5206;0.0;0.0;0.0;0.0;0.0;0.0;0.0;0.0;0.0;0.0;0.0;SS;80.8394274923;0.978740630792;0.0;1.82789792035;0.0281593668095;0.0;0.0;0.0;0.0;0.0;0.0;0.0;0.0;0.0;0.0;0.0;0.0;40;2012-06-22 11:00:00;1340362800;2012-06-15 11:00:00;1339758000
0.544;0.0;0.0;0.0;0.0;0.0;0.0;0.0;0.0;0.0;0.0;0.0;MS;108.235463101;0.986508404296;0.0;2.02586233879;11.2242505008;0.0;0.0;0.0;0.0;0.0;0.0;0.0;0.0;0.0;0.0;0.0;0.0;41;2012-06-29 11:00:00;1340967600;2012-06-22 11:00:00;1340362800
0.5276;0.0;0.0;0.0;0.0;0.0;0.0;0.0;0.0;0.0;0.0;0.0;SS;88.5442626298;0.971467253387;0.0;1.70237216179;35.1783020162;0.0;0.0;0.0;0.0;0.0;0.0;0.0;0.0;0.0;0.0;0.0;0.0;41;2012-06-29 11:00:00;1340967600;2012-06-22 11:00:00;1340362800
0.539;0.0;0.0;0.0;0.0;0.0;0.0;0.0;0.0;0.0;0.0;0.0;MS;99.2265785717;0.989301924709;0.0;2.01856089905;9.36364114002;0.0;0.0;0.0;0.0;0.0;0.0;0.0;0.0;0.0;0.0;0.0;0.0;42;2012-07-06 11:00:00;1341572400;2012-06-29 11:00:00;1340967600
0.5327;0.0;0.0;0.0;0.0;0.0;0.0;0.0;0.0;0.0;0.0;0.0;SS;79.9690965665;0.974209396098;0.0;1.7280652981;25.5917414622;0.0;0.0;0.0;0.0;0.0;0.0;0.0;0.0;0.0;0.0;0.0;0.0;42;2012-07-06 11:00:00;1341572400;2012-06-29 11:00:00;1340967600
0.5467;0.0;0.0;0.0;0.0;0.0;0.0;0.0;0.0;0.0;0.0;0.0;MS;108.474539769;0.983771531378;0.0;2.01567932777;0.204413265041;0.0;0.0;0.0;0.0;0.0;0.0;0.0;0.0;0.0;0.0;0.0;0.0;43;2012-07-13 11:00:00;1342177200;2012-07-06 11:00:00;1341572400
0.5294;0.0;0.0;0.0;0.0;0.0;0.0;0.0;0.0;0.0;0.0;0.0;SS;88.2465705533;0.969552644125;0.0;1.76227038489;25.2216635367;0.0;0.0;0.0;0.0;0.0;0.0;0.0;0.0;0.0;0.0;0.0;0.0;43;2012-07-13 11:00:00;1342177200;2012-07-06 11:00:00;1341572400
0.5475;0.0;0.0;0.0;0.0;0.0;0.0;0.0;0.0;0.0;0.0;0.0;MS;100.662584474;0.988173045132;0.0;2.01583252671;0.00494388942051;0.0;0.0;0.0;0.0;0.0;0.0;0.0;0.0;0.0;0.0;0.0;0.0;44;2012-07-20 11:00:00;1342782000;2012-07-13 11:00:00;1342177200
0.5386;0.0;0.0;0.0;0.0;0.0;0.0;0.0;0.0;0.0;0.0;0.0;SS;79.5100399071;0.974700063198;0.0;1.80985881635;7.08326734727;0.0;0.0;0.0;0.0;0.0;0.0;0.0;0.0;0.0;0.0;0.0;0.0;44;2012-07-20 11:00:00;1342782000;2012-07-13 11:00:00;1342177200
0.5379;0.0;0.0;0.0;0.0;0.0;0.0;0.0;0.0;0.0;0.0;0.0;MS;99.3120557735;0.98950714434;0.0;2.01664997681;0.0299875893595;0.0;0.0;0.0;0.0;0.0;0.0;0.0;0.0;0.0;0.0;0.0;0.0;45;2012-07-27 11:00:00;1343386800;2012-07-20 11:00:00;1342782000
0.5186;0.0;0.0;0.0;0.0;0.0;0.0;0.0;0.0;0.0;0.0;0.0;SS;84.0956380257;0.974456364727;0.0;1.80602213167;0.0147482311939;0.0;0.0;0.0;0.0;0.0;0.0;0.0;0.0;0.0;0.0;0.0;0.0;45;2012-07-27 11:00:00;1343386800;2012-07-20 11:00:00;1342782000
0.5299;0.0;0.0;0.0;0.0;0.0;0.0;0.0;0.0;0.0;0.0;0.0;MS;106.943042293;0.987145557753;0.0;2.00820083325;0.0216742836528;0.0;0.0;0.0;0.0;0.0;0.0;0.0;0.0;0.0;0.0;0.0;0.0;46;2012-08-03 11:00:00;1343991600;2012-07-27 11:00:00;1343386800
0.507;0.0;0.0;0.0;0.0;0.0;0.0;0.0;0.0;0.0;0.0;0.0;SS;84.9344293378;0.974405557051;0.0;1.69609078327;32.1981260621;0.0;0.0;0.0;0.0;0.0;0.0;0.0;0.0;0.0;0.0;0.0;0.0;46;2012-08-03 11:00:00;1343991600;2012-07-27 11:00:00;1343386800
0.524;0.0;0.0;0.0;0.0;0.0;0.0;0.0;0.0;0.0;0.0;0.0;MS;104.101271166;0.989396905719;0.0;1.96271797601;20.1005093514;0.0;0.0;0.0;0.0;0.0;0.0;0.0;0.0;0.0;0.0;0.0;0.0;47;2012-08-10 11:00:00;1344596400;2012-08-03 11:00:00;1343991600
0.5438;0.0;0.0;0.0;0.0;0.0;0.0;0.0;0.0;0.0;0.0;0.0;SS;81.3208066549;0.977337611003;0.0;1.7548530607;30.6580239903;0.0;0.0;0.0;0.0;0.0;0.0;0.0;0.0;0.0;0.0;0.0;0.0;47;2012-08-10 11:00:00;1344596400;2012-08-03 11:00:00;1343991600
0.5337;0.0;0.0;0.0;0.0;0.0;0.0;0.0;0.0;0.0;0.0;0.0;MS;100.016601569;0.991422202669;0.0;2.00012947749;0.102100850754;0.0;0.0;0.0;0.0;0.0;0.0;0.0;0.0;0.0;0.0;0.0;0.0;48;2012-08-17 11:00:00;1345201200;2012-08-10 11:00:00;1344596400
0.5371;0.0;0.0;0.0;0.0;0.0;0.0;0.0;0.0;0.0;0.0;0.0;SS;74.4977468129;0.979087432256;0.0;1.69779100894;32.308443785;0.0;0.0;0.0;0.0;0.0;0.0;0.0;0.0;0.0;0.0;0.0;0.0;48;2012-08-17 11:00:00;1345201200;2012-08-10 11:00:00;1344596400
0.531;0.0;0.0;0.0;0.0;0.0;0.0;0.0;0.0;0.0;0.0;0.0;MS;119.379472959;0.984827282569;0.0;1.87979895146;33.3046895894;0.0;0.0;0.0;0.0;0.0;0.0;0.0;0.0;0.0;0.0;0.0;0.0;49;2012-08-24 11:00:00;1345806000;2012-08-17 11:00:00;1345201200
0.5148;0.0;0.0;0.0;0.0;0.0;0.0;0.0;0.0;0.0;0.0;0.0;SS;76.9620581727;0.979706294535;0.0;1.6940514425;36.1000866204;0.0;0.0;0.0;0.0;0.0;0.0;0.0;0.0;0.0;0.0;0.0;0.0;49;2012-08-24 11:00:00;1345806000;2012-08-17 11:00:00;1345201200
0.5307;0.0;0.0;0.0;0.0;0.0;0.0;0.0;0.0;0.0;0.0;0.0;MS;108.689950782;0.989364895457;0.0;2.02115007222;9.10179289929;0.0;0.0;0.0;0.0;0.0;0.0;0.0;0.0;0.0;0.0;0.0;0.0;50;2012-08-31 11:00:00;1346410800;2012-08-24 11:00:00;1345806000
0.537;0.0;0.0;0.0;0.0;0.0;0.0;0.0;0.0;0.0;0.0;0.0;SS;82.5360204889;0.978312583301;0.0;1.5295794669;48.5202694315;0.0;0.0;0.0;0.0;0.0;0.0;0.0;0.0;0.0;0.0;0.0;0.0;50;2012-08-31 11:00:00;1346410800;2012-08-24 11:00:00;1345806000
0.5307;0.0;0.0;0.0;0.0;0.0;0.0;0.0;0.0;0.0;0.0;0.0;MS;-1732450.43769;754.656452346;0.0;37619.2375848;2355.27140427;0.0;0.0;0.0;0.0;0.0;0.0;0.0;0.0;0.0;0.0;0.0;0.0;51;2012-09-07 11:00:00;1347015600;2012-08-31 11:00:00;1346410800
0.537;0.0;0.0;0.0;0.0;0.0;0.0;0.0;0.0;0.0;0.0;0.0;SS;322135.925044;79.4782449519;0.0;600.572522959;364040.073021;0.0;0.0;0.0;0.0;0.0;0.0;0.0;0.0;0.0;0.0;0.0;0.0;51;2012-09-07 11:00:00;1347015600;2012-08-31 11:00:00;1346410800
0.5307;0.0;0.0;0.0;0.0;0.0;0.0;0.0;0.0;0.0;0.0;0.0;MS;-1732450.43769;754.656452346;0.0;37619.2375848;2355.27140427;0.0;0.0;0.0;0.0;0.0;0.0;0.0;0.0;0.0;0.0;0.0;0.0;52;2012-09-14 11:00:00;1347620400;2012-09-07 11:00:00;1347015600
0.537;0.0;0.0;0.0;0.0;0.0;0.0;0.0;0.0;0.0;0.0;0.0;SS;322135.925044;79.4782449519;0.0;600.572522959;364040.073021;0.0;0.0;0.0;0.0;0.0;0.0;0.0;0.0;0.0;0.0;0.0;0.0;52;2012-09-14 11:00:00;1347620400;2012-09-07 11:00:00;1347015600
0.549;0.0;0.0;0.0;0.0;0.0;0.0;0.0;0.0;0.0;0.0;0.0;MS;118.146137123;0.984939248467;0.0;2.02461688643;9.77277687626;0.0;0.0;0.0;0.0;0.0;0.0;0.0;0.0;0.0;0.0;0.0;0.0;53;2012-09-21 11:00:00;1348225200;2012-09-14 11:00:00;1347620400
0.5265;0.0;0.0;0.0;0.0;0.0;0.0;0.0;0.0;0.0;0.0;0.0;SS;96.2958040362;0.970959024753;0.0;1.23442879135;68.0450353694;0.0;0.0;0.0;0.0;0.0;0.0;0.0;0.0;0.0;0.0;0.0;0.0;53;2012-09-21 11:00:00;1348225200;2012-09-14 11:00:00;1347620400
0.5333;0.0;0.0;0.0;0.0;0.0;0.0;0.0;0.0;0.0;0.0;0.0;MS;104.530811972;0.987499671868;0.0;2.00507596443;0.0158825473892;0.0;0.0;0.0;0.0;0.0;0.0;0.0;0.0;0.0;0.0;0.0;0.0;54;2012-09-28 11:00:00;1348830000;2012-09-21 11:00:00;1348225200
0.5228;0.0;0.0;0.0;0.0;0.0;0.0;0.0;0.0;0.0;0.0;0.0;SS;73.7631656508;0.977554610143;0.0;1.80142647318;0.0677870947097;0.0;0.0;0.0;0.0;0.0;0.0;0.0;0.0;0.0;0.0;0.0;0.0;54;2012-09-28 11:00:00;1348830000;2012-09-21 11:00:00;1348225200
0.5432;0.0;0.0;0.0;0.0;0.0;0.0;0.0;0.0;0.0;0.0;0.0;MS;108.871192794;0.98682252632;0.0;2.00511415056;9.76753132194;0.0;0.0;0.0;0.0;0.0;0.0;0.0;0.0;0.0;0.0;0.0;0.0;55;2012-10-05 11:00:00;1349434800;2012-09-28 11:00:00;1348830000
0.52;0.0;0.0;0.0;0.0;0.0;0.0;0.0;0.0;0.0;0.0;0.0;SS;79.3831525856;0.975783077066;0.0;1.79047751041;10.4904528799;0.0;0.0;0.0;0.0;0.0;0.0;0.0;0.0;0.0;0.0;0.0;0.0;55;2012-10-05 11:00:00;1349434800;2012-09-28 11:00:00;1348830000
0.5495;0.0;0.0;0.0;0.0;0.0;0.0;0.0;0.0;0.0;0.0;0.0;MS;109.871393811;0.986321398213;0.0;1.99142025007;9.77191216906;0.0;0.0;0.0;0.0;0.0;0.0;0.0;0.0;0.0;0.0;0.0;0.0;56;2012-10-12 11:00:00;1350039600;2012-10-05 11:00:00;1349434800
0.5338;0.0;0.0;0.0;0.0;0.0;0.0;0.0;0.0;0.0;0.0;0.0;SS;84.3812808244;0.97364110774;0.0;1.73883722691;23.9533771262;0.0;0.0;0.0;0.0;0.0;0.0;0.0;0.0;0.0;0.0;0.0;0.0;56;2012-10-12 11:00:00;1350039600;2012-10-05 11:00:00;1349434800
0.5278;0.0;0.0;0.0;0.0;0.0;0.0;0.0;0.0;0.0;0.0;0.0;MS;110.554711018;0.986801022876;0.0;2.03193953111;17.6974214054;0.0;0.0;0.0;0.0;0.0;0.0;0.0;0.0;0.0;0.0;0.0;0.0;57;2012-10-19 11:00:00;1350644400;2012-10-12 11:00:00;1350039600
0.5355;0.0;0.0;0.0;0.0;0.0;0.0;0.0;0.0;0.0;0.0;0.0;SS;83.5916955348;0.974794911782;0.0;1.86777040895;21.4168559533;0.0;0.0;0.0;0.0;0.0;0.0;0.0;0.0;0.0;0.0;0.0;0.0;57;2012-10-19 11:00:00;1350644400;2012-10-12 11:00:00;1350039600
0.5323;0.0;0.0;0.0;0.0;0.0;0.0;0.0;0.0;0.0;0.0;0.0;MS;95.6953020047;0.993271809024;0.0;2.00978231303;0.0100896633613;0.0;0.0;0.0;0.0;0.0;0.0;0.0;0.0;0.0;0.0;0.0;0.0;58;2012-10-26 11:00:00;1351249200;2012-10-19 11:00:00;1350644400
0.5317;0.0;0.0;0.0;0.0;0.0;0.0;0.0;0.0;0.0;0.0;0.0;SS;75.6998914122;0.97918523956;0.0;1.79976654945;0.0392594557372;0.0;0.0;0.0;0.0;0.0;0.0;0.0;0.0;0.0;0.0;0.0;0.0;58;2012-10-26 11:00:00;1351249200;2012-10-19 11:00:00;1350644400
0.5313;0.0;0.0;0.0;0.0;0.0;0.0;0.0;0.0;0.0;0.0;0.0;MS;88.7218911763;0.994953699413;0.0;2.00079983;7.68848105997;0.0;0.0;0.0;0.0;0.0;0.0;0.0;0.0;0.0;0.0;0.0;0.0;59;2012-11-02 11:00:00;1351854000;2012-10-26 11:00:00;1351249200
0.5157;0.0;0.0;0.0;0.0;0.0;0.0;0.0;0.0;0.0;0.0;0.0;SS;84.170544843;0.973807987044;0.0;1.80296149404;3.7652703094;0.0;0.0;0.0;0.0;0.0;0.0;0.0;0.0;0.0;0.0;0.0;0.0;59;2012-11-02 11:00:00;1351854000;2012-10-26 11:00:00;1351249200
0.5346;0.0;0.0;0.0;0.0;0.0;0.0;0.0;0.0;0.0;0.0;0.0;MS;89.7913018839;0.995042198624;0.0;2.00983871348;0.00601167464296;0.0;0.0;0.0;0.0;0.0;0.0;0.0;0.0;0.0;0.0;0.0;0.0;60;2012-11-09 11:00:00;1352458800;2012-11-02 11:00:00;1351854000
0.5461;0.0;0.0;0.0;0.0;0.0;0.0;0.0;0.0;0.0;0.0;0.0;SS;83.7055462766;0.974462636562;0.0;1.81217646993;0.0527754527674;0.0;0.0;0.0;0.0;0.0;0.0;0.0;0.0;0.0;0.0;0.0;0.0;60;2012-11-09 11:00:00;1352458800;2012-11-02 11:00:00;1351854000
0.5365;0.0;0.0;0.0;0.0;0.0;0.0;0.0;0.0;0.0;0.0;0.0;MS;100.897893279;0.990774292097;0.0;1.97386317257;0.00393725426288;0.0;0.0;0.0;0.0;0.0;0.0;0.0;0.0;0.0;0.0;0.0;0.0;61;2012-11-16 11:00:00;1353063600;2012-11-09 11:00:00;1352458800
0.5185;0.0;0.0;0.0;0.0;0.0;0.0;0.0;0.0;0.0;0.0;0.0;SS;76.8117047909;0.977687731254;0.0;1.77064615162;19.6931752793;0.0;0.0;0.0;0.0;0.0;0.0;0.0;0.0;0.0;0.0;0.0;0.0;61;2012-11-16 11:00:00;1353063600;2012-11-09 11:00:00;1352458800
0.533;0.0;0.0;0.0;0.0;0.0;0.0;0.0;0.0;0.0;0.0;0.0;MS;99.6902080433;0.991504933074;0.0;2.02884934245;0.021564384254;0.0;0.0;0.0;0.0;0.0;0.0;0.0;0.0;0.0;0.0;0.0;0.0;62;2012-11-23 11:00:00;1353668400;2012-11-16 11:00:00;1353063600
0.522;0.0;0.0;0.0;0.0;0.0;0.0;0.0;0.0;0.0;0.0;0.0;SS;80.2521827812;0.976822915442;0.0;1.82705763151;0.0343605192595;0.0;0.0;0.0;0.0;0.0;0.0;0.0;0.0;0.0;0.0;0.0;0.0;62;2012-11-23 11:00:00;1353668400;2012-11-16 11:00:00;1353063600
0.5344;0.0;0.0;0.0;0.0;0.0;0.0;0.0;0.0;0.0;0.0;0.0;MS;75.0247613122;1.00201555673;0.0;1.99896047352;0.060911538571;0.0;0.0;0.0;0.0;0.0;0.0;0.0;0.0;0.0;0.0;0.0;0.0;63;2012-11-30 11:00:00;1354273200;2012-11-23 11:00:00;1353668400
0.5401;0.0;0.0;0.0;0.0;0.0;0.0;0.0;0.0;0.0;0.0;0.0;SS;78.2475106103;0.978969185065;0.0;1.78172403736;19.3091782448;0.0;0.0;0.0;0.0;0.0;0.0;0.0;0.0;0.0;0.0;0.0;0.0;63;2012-11-30 11:00:00;1354273200;2012-11-23 11:00:00;1353668400
0.5295;0.0;0.0;0.0;0.0;0.0;0.0;0.0;0.0;0.0;0.0;0.0;MS;89.0742885429;0.996367672871;0.0;1.98864811062;0.0506101257815;0.0;0.0;0.0;0.0;0.0;0.0;0.0;0.0;0.0;0.0;0.0;0.0;64;2012-12-07 11:00:00;1354878000;2012-11-30 11:00:00;1354273200
0.5339;0.0;0.0;0.0;0.0;0.0;0.0;0.0;0.0;0.0;0.0;0.0;SS;76.2270280577;0.980060566329;0.0;1.72209963151;25.3567601097;0.0;0.0;0.0;0.0;0.0;0.0;0.0;0.0;0.0;0.0;0.0;0.0;64;2012-12-07 11:00:00;1354878000;2012-11-30 11:00:00;1354273200
0.533;0.0;0.0;0.0;0.0;0.0;0.0;0.0;0.0;0.0;0.0;0.0;MS;85.2352683746;0.998790618062;0.0;1.99192567098;0.00781557428539;0.0;0.0;0.0;0.0;0.0;0.0;0.0;0.0;0.0;0.0;0.0;0.0;65;2012-12-14 11:00:00;1355482800;2012-12-07 11:00:00;1354878000
0.5117;0.0;0.0;0.0;0.0;0.0;0.0;0.0;0.0;0.0;0.0;0.0;SS;92.7648065506;0.974272834181;0.0;1.35133235882;63.9625069718;0.0;0.0;0.0;0.0;0.0;0.0;0.0;0.0;0.0;0.0;0.0;0.0;65;2012-12-14 11:00:00;1355482800;2012-12-07 11:00:00;1354878000
0.5117;0.0;0.0;0.0;0.0;0.0;0.0;0.0;0.0;0.0;0.0;0.0;MS;90.0945888611;0.99643314487;0.0;2.01431542862;0.00467065390646;0.0;0.0;0.0;0.0;0.0;0.0;0.0;0.0;0.0;0.0;0.0;0.0;66;2012-12-21 11:00:00;1356087600;2012-12-14 11:00:00;1355482800
0.5192;0.0;0.0;0.0;0.0;0.0;0.0;0.0;0.0;0.0;0.0;0.0;SS;74.712046188;0.98011538924;0.0;1.74983959053;19.7168965826;0.0;0.0;0.0;0.0;0.0;0.0;0.0;0.0;0.0;0.0;0.0;0.0;66;2012-12-21 11:00:00;1356087600;2012-12-14 11:00:00;1355482800
0.5261;0.0;0.0;0.0;0.0;0.0;0.0;0.0;0.0;0.0;0.0;0.0;MS;82.3418030441;1.00245094135;0.0;2.02131757655;0.0696729620807;0.0;0.0;0.0;0.0;0.0;0.0;0.0;0.0;0.0;0.0;0.0;0.0;67;2012-12-28 11:00:00;1356692400;2012-12-21 11:00:00;1356087600
0.5307;0.0;0.0;0.0;0.0;0.0;0.0;0.0;0.0;0.0;0.0;0.0;SS;89.5809512208;0.977436270649;0.0;1.35002767806;61.8856542617;0.0;0.0;0.0;0.0;0.0;0.0;0.0;0.0;0.0;0.0;0.0;0.0;67;2012-12-28 11:00:00;1356692400;2012-12-21 11:00:00;1356087600
0.5204;0.0;0.0;0.0;0.0;0.0;0.0;0.0;0.0;0.0;0.0;0.0;MS;84.2392813341;0.994062179605;0.0;2.01479518045;0.000231843616399;0.0;0.0;0.0;0.0;0.0;0.0;0.0;0.0;0.0;0.0;0.0;0.0;68;2013-01-04 11:00:00;1357297200;2012-12-28 11:00:00;1356692400
0.5144;0.0;0.0;0.0;0.0;0.0;0.0;0.0;0.0;0.0;0.0;0.0;SS;79.1510897502;0.974999516438;0.0;1.70207903822;34.3195362413;0.0;0.0;0.0;0.0;0.0;0.0;0.0;0.0;0.0;0.0;0.0;0.0;68;2013-01-04 11:00:00;1357297200;2012-12-28 11:00:00;1356692400
0.5142;0.0;0.0;0.0;0.0;0.0;0.0;0.0;0.0;0.0;0.0;0.0;MS;73.9781091072;0.997184754768;0.0;1.95771031593;25.2767116642;0.0;0.0;0.0;0.0;0.0;0.0;0.0;0.0;0.0;0.0;0.0;0.0;69;2013-01-11 11:00:00;1357902000;2013-01-04 11:00:00;1357297200
0.5688;0.0;0.0;0.0;0.0;0.0;0.0;0.0;0.0;0.0;0.0;0.0;SS;78.326837253;0.973480774553;0.0;1.70449031062;32.8833084396;0.0;0.0;0.0;0.0;0.0;0.0;0.0;0.0;0.0;0.0;0.0;0.0;69;2013-01-11 11:00:00;1357902000;2013-01-04 11:00:00;1357297200
0.5195;0.0;0.0;0.0;0.0;0.0;0.0;0.0;0.0;0.0;0.0;0.0;MS;78.1942555628;1.00029647307;0.0;2.0339095121;0.00470218634707;0.0;0.0;0.0;0.0;0.0;0.0;0.0;0.0;0.0;0.0;0.0;0.0;70;2013-01-18 11:00:00;1358506800;2013-01-11 11:00:00;1357902000
0.5227;0.0;0.0;0.0;0.0;0.0;0.0;0.0;0.0;0.0;0.0;0.0;SS;84.3368175354;0.97472422458;0.0;1.72799854826;27.654970958;0.0;0.0;0.0;0.0;0.0;0.0;0.0;0.0;0.0;0.0;0.0;0.0;70;2013-01-18 11:00:00;1358506800;2013-01-11 11:00:00;1357902000
0.5278;0.0;0.0;0.0;0.0;0.0;0.0;0.0;0.0;0.0;0.0;0.0;MS;82.8889778191;0.996684628269;0.0;2.03142833322;0.00573907329428;0.0;0.0;0.0;0.0;0.0;0.0;0.0;0.0;0.0;0.0;0.0;0.0;71;2013-01-25 11:00:00;1359111600;2013-01-18 11:00:00;1358506800
0.5271;0.0;0.0;0.0;0.0;0.0;0.0;0.0;0.0;0.0;0.0;0.0;SS;82.6475044279;0.973285039759;0.0;1.80392519383;0.605380798024;0.0;0.0;0.0;0.0;0.0;0.0;0.0;0.0;0.0;0.0;0.0;0.0;71;2013-01-25 11:00:00;1359111600;2013-01-18 11:00:00;1358506800
0.523;0.0;0.0;0.0;0.0;0.0;0.0;0.0;0.0;0.0;0.0;0.0;MS;81.9950475116;0.996576385102;0.0;2.02190140294;0.000900430818265;0.0;0.0;0.0;0.0;0.0;0.0;0.0;0.0;0.0;0.0;0.0;0.0;72;2013-02-01 11:00:00;1359716400;2013-01-25 11:00:00;1359111600
0.5028;0.0;0.0;0.0;0.0;0.0;0.0;0.0;0.0;0.0;0.0;0.0;SS;76.4354027349;0.976512377688;0.0;1.67667377965;32.4673331498;0.0;0.0;0.0;0.0;0.0;0.0;0.0;0.0;0.0;0.0;0.0;0.0;72;2013-02-01 11:00:00;1359716400;2013-01-25 11:00:00;1359111600
0.5199;0.0;0.0;0.0;0.0;0.0;0.0;0.0;0.0;0.0;0.0;0.0;MS;88.0016102017;0.995531854979;0.0;2.00437409152;0.0120787149356;0.0;0.0;0.0;0.0;0.0;0.0;0.0;0.0;0.0;0.0;0.0;0.0;73;2013-02-08 11:00:00;1360321200;2013-02-01 11:00:00;1359716400
0.5341;0.0;0.0;0.0;0.0;0.0;0.0;0.0;0.0;0.0;0.0;0.0;SS;97.927232327;0.970088444193;0.0;0.758148302038;84.4324901261;0.0;0.0;0.0;0.0;0.0;0.0;0.0;0.0;0.0;0.0;0.0;0.0;73;2013-02-08 11:00:00;1360321200;2013-02-01 11:00:00;1359716400
0.5289;0.0;0.0;0.0;0.0;0.0;0.0;0.0;0.0;0.0;0.0;0.0;MS;84.0905593921;0.999794598572;0.0;2.02375059375;0.00191167165359;0.0;0.0;0.0;0.0;0.0;0.0;0.0;0.0;0.0;0.0;0.0;0.0;74;2013-02-15 11:00:00;1360926000;2013-02-08 11:00:00;1360321200
0.519;0.0;0.0;0.0;0.0;0.0;0.0;0.0;0.0;0.0;0.0;0.0;SS;78.0303094325;0.979936779441;0.0;1.73027818996;29.2148228008;0.0;0.0;0.0;0.0;0.0;0.0;0.0;0.0;0.0;0.0;0.0;0.0;74;2013-02-15 11:00:00;1360926000;2013-02-08 11:00:00;1360321200
0.5289;0.0;0.0;0.0;0.0;0.0;0.0;0.0;0.0;0.0;0.0;0.0;MS;84.0905593921;0.999794598572;0.0;2.02375059375;0.00191167165359;0.0;0.0;0.0;0.0;0.0;0.0;0.0;0.0;0.0;0.0;0.0;0.0;75;2013-02-22 11:00:00;1361530800;2013-02-15 11:00:00;1360926000
0.519;0.0;0.0;0.0;0.0;0.0;0.0;0.0;0.0;0.0;0.0;0.0;SS;78.0303094325;0.979936779441;0.0;1.73027818996;29.2148228008;0.0;0.0;0.0;0.0;0.0;0.0;0.0;0.0;0.0;0.0;0.0;0.0;75;2013-02-22 11:00:00;1361530800;2013-02-15 11:00:00;1360926000
0.5289;0.0;0.0;0.0;0.0;0.0;0.0;0.0;0.0;0.0;0.0;0.0;MS;84.0905593921;0.999794598572;0.0;2.02375059375;0.00191167165359;0.0;0.0;0.0;0.0;0.0;0.0;0.0;0.0;0.0;0.0;0.0;0.0;76;2013-03-01 11:00:00;1362135600;2013-02-22 11:00:00;1361530800
0.519;0.0;0.0;0.0;0.0;0.0;0.0;0.0;0.0;0.0;0.0;0.0;SS;78.0303094325;0.979936779441;0.0;1.73027818996;29.2148228008;0.0;0.0;0.0;0.0;0.0;0.0;0.0;0.0;0.0;0.0;0.0;0.0;76;2013-03-01 11:00:00;1362135600;2013-02-22 11:00:00;1361530800
0.5247;0.0;0.0;0.0;0.0;0.0;0.0;0.0;0.0;0.0;0.0;0.0;MS;83.4907124031;0.998537015778;0.0;2.01031456261;10.6623267036;0.0;0.0;0.0;0.0;0.0;0.0;0.0;0.0;0.0;0.0;0.0;0.0;77;2013-03-08 11:00:00;1362740400;2013-03-01 11:00:00;1362135600
0.5108;0.0;0.0;0.0;0.0;0.0;0.0;0.0;0.0;0.0;0.0;0.0;SS;84.6397168062;0.975881465391;0.0;1.75433812424;25.2819342171;0.0;0.0;0.0;0.0;0.0;0.0;0.0;0.0;0.0;0.0;0.0;0.0;77;2013-03-08 11:00:00;1362740400;2013-03-01 11:00:00;1362135600
0.5247;0.0;0.0;0.0;0.0;0.0;0.0;0.0;0.0;0.0;0.0;0.0;MS;83.4907124031;0.998537015778;0.0;2.01031456261;10.6623267036;0.0;0.0;0.0;0.0;0.0;0.0;0.0;0.0;0.0;0.0;0.0;0.0;78;2013-03-15 11:00:00;1363345200;2013-03-08 11:00:00;1362740400
0.5108;0.0;0.0;0.0;0.0;0.0;0.0;0.0;0.0;0.0;0.0;0.0;SS;84.6397168062;0.975881465391;0.0;1.75433812424;25.2819342171;0.0;0.0;0.0;0.0;0.0;0.0;0.0;0.0;0.0;0.0;0.0;0.0;78;2013-03-15 11:00:00;1363345200;2013-03-08 11:00:00;1362740400
0.5247;0.0;0.0;0.0;0.0;0.0;0.0;0.0;0.0;0.0;0.0;0.0;MS;83.4907124031;0.998537015778;0.0;2.01031456261;10.6623267036;0.0;0.0;0.0;0.0;0.0;0.0;0.0;0.0;0.0;0.0;0.0;0.0;79;2013-03-22 11:00:00;1363950000;2013-03-15 11:00:00;1363345200
0.5108;0.0;0.0;0.0;0.0;0.0;0.0;0.0;0.0;0.0;0.0;0.0;SS;84.6397168062;0.975881465391;0.0;1.75433812424;25.2819342171;0.0;0.0;0.0;0.0;0.0;0.0;0.0;0.0;0.0;0.0;0.0;0.0;79;2013-03-22 11:00:00;1363950000;2013-03-15 11:00:00;1363345200
0.5358;0.0;0.0;0.0;0.0;0.0;0.0;0.0;0.0;0.0;0.0;0.0;MS;81.3537549981;0.999492469502;0.0;2.0215154191;0.00052983099385;0.0;0.0;0.0;0.0;0.0;0.0;0.0;0.0;0.0;0.0;0.0;0.0;80;2013-03-29 11:00:00;1364554800;2013-03-22 11:00:00;1363950000
0.5072;0.0;0.0;0.0;0.0;0.0;0.0;0.0;0.0;0.0;0.0;0.0;SS;75.4734311172;0.978619377798;0.0;1.56656673876;44.7115581327;0.0;0.0;0.0;0.0;0.0;0.0;0.0;0.0;0.0;0.0;0.0;0.0;80;2013-03-29 11:00:00;1364554800;2013-03-22 11:00:00;1363950000
0.5355;0.0;0.0;0.0;0.0;0.0;0.0;0.0;0.0;0.0;0.0;0.0;MS;95.5794924001;0.992855606421;0.0;2.02395258115;0.000176148935737;0.0;0.0;0.0;0.0;0.0;0.0;0.0;0.0;0.0;0.0;0.0;0.0;81;2013-04-05 11:00:00;1365159600;2013-03-29 11:00:00;1364554800
0.5009;0.0;0.0;0.0;0.0;0.0;0.0;0.0;0.0;0.0;0.0;0.0;SS;82.3267636659;0.975756227792;0.0;1.84127831906;9.39270681826;0.0;0.0;0.0;0.0;0.0;0.0;0.0;0.0;0.0;0.0;0.0;0.0;81;2013-04-05 11:00:00;1365159600;2013-03-29 11:00:00;1364554800
0.5223;0.0;0.0;0.0;0.0;0.0;0.0;0.0;0.0;0.0;0.0;0.0;MS;90.0504142754;0.996323832148;0.0;1.99910841852;0.0129579244532;0.0;0.0;0.0;0.0;0.0;0.0;0.0;0.0;0.0;0.0;0.0;0.0;82;2013-04-12 11:00:00;1365764400;2013-04-05 11:00:00;1365159600
0.5396;0.0;0.0;0.0;0.0;0.0;0.0;0.0;0.0;0.0;0.0;0.0;SS;77.7145946647;0.979090529726;0.0;1.77606129269;19.1318275368;0.0;0.0;0.0;0.0;0.0;0.0;0.0;0.0;0.0;0.0;0.0;0.0;82;2013-04-12 11:00:00;1365764400;2013-04-05 11:00:00;1365159600
0.5371;0.0;0.0;0.0;0.0;0.0;0.0;0.0;0.0;0.0;0.0;0.0;MS;79.0575998569;1.00048170631;0.0;2.00746090186;0.00306053137172;0.0;0.0;0.0;0.0;0.0;0.0;0.0;0.0;0.0;0.0;0.0;0.0;83;2013-04-19 11:00:00;1366369200;2013-04-12 11:00:00;1365764400
0.4952;0.0;0.0;0.0;0.0;0.0;0.0;0.0;0.0;0.0;0.0;0.0;SS;89.2097863967;0.973799603208;0.0;1.18080197103;68.6887342341;0.0;0.0;0.0;0.0;0.0;0.0;0.0;0.0;0.0;0.0;0.0;0.0;83;2013-04-19 11:00:00;1366369200;2013-04-12 11:00:00;1365764400
0.5306;0.0;0.0;0.0;0.0;0.0;0.0;0.0;0.0;0.0;0.0;0.0;MS;83.7370346589;0.998382205934;0.0;1.99799749019;0.0324702026705;0.0;0.0;0.0;0.0;0.0;0.0;0.0;0.0;0.0;0.0;0.0;0.0;84;2013-04-26 11:00:00;1366974000;2013-04-19 11:00:00;1366369200
0.5264;0.0;0.0;0.0;0.0;0.0;0.0;0.0;0.0;0.0;0.0;0.0;SS;72.2506393462;0.980488491979;0.0;1.75850564027;22.377152272;0.0;0.0;0.0;0.0;0.0;0.0;0.0;0.0;0.0;0.0;0.0;0.0;84;2013-04-26 11:00:00;1366974000;2013-04-19 11:00:00;1366369200
0.5275;0.0;0.0;0.0;0.0;0.0;0.0;0.0;0.0;0.0;0.0;0.0;MS;84.7800014935;0.997221302734;0.0;2.01361545251;0.0125068623169;0.0;0.0;0.0;0.0;0.0;0.0;0.0;0.0;0.0;0.0;0.0;0.0;85;2013-05-03 11:00:00;1367578800;2013-04-26 11:00:00;1366974000
0.5319;0.0;0.0;0.0;0.0;0.0;0.0;0.0;0.0;0.0;0.0;0.0;SS;73.6110467553;0.979181453955;0.0;1.72295944825;28.8246701887;0.0;0.0;0.0;0.0;0.0;0.0;0.0;0.0;0.0;0.0;0.0;0.0;85;2013-05-03 11:00:00;1367578800;2013-04-26 11:00:00;1366974000
0.5299;0.0;0.0;0.0;0.0;0.0;0.0;0.0;0.0;0.0;0.0;0.0;MS;86.4170533616;1.00025459633;0.0;2.01698504279;0.0168878831146;0.0;0.0;0.0;0.0;0.0;0.0;0.0;0.0;0.0;0.0;0.0;0.0;86;2013-05-10 11:00:00;1368183600;2013-05-03 11:00:00;1367578800
0.5278;0.0;0.0;0.0;0.0;0.0;0.0;0.0;0.0;0.0;0.0;0.0;SS;81.7169798727;0.980317065117;0.0;1.76836512936;24.1914345577;0.0;0.0;0.0;0.0;0.0;0.0;0.0;0.0;0.0;0.0;0.0;0.0;86;2013-05-10 11:00:00;1368183600;2013-05-03 11:00:00;1367578800
0.5339;0.0;0.0;0.0;0.0;0.0;0.0;0.0;0.0;0.0;0.0;0.0;MS;95.3000470544;0.993403437761;0.0;1.99936758996;0.00979691431725;0.0;0.0;0.0;0.0;0.0;0.0;0.0;0.0;0.0;0.0;0.0;0.0;87;2013-05-17 11:00:00;1368788400;2013-05-10 11:00:00;1368183600
0.5311;0.0;0.0;0.0;0.0;0.0;0.0;0.0;0.0;0.0;0.0;0.0;SS;74.1167710863;0.979137828962;0.0;1.77102213353;22.7789839494;0.0;0.0;0.0;0.0;0.0;0.0;0.0;0.0;0.0;0.0;0.0;0.0;87;2013-05-17 11:00:00;1368788400;2013-05-10 11:00:00;1368183600
0.5307;0.0;0.0;0.0;0.0;0.0;0.0;0.0;0.0;0.0;0.0;0.0;MS;93.2358581094;0.993929055146;0.0;2.01591835952;0.00142278969393;0.0;0.0;0.0;0.0;0.0;0.0;0.0;0.0;0.0;0.0;0.0;0.0;88;2013-05-24 11:00:00;1369393200;2013-05-17 11:00:00;1368788400
0.5294;0.0;0.0;0.0;0.0;0.0;0.0;0.0;0.0;0.0;0.0;0.0;SS;76.5687830762;0.97828655375;0.0;1.80689320165;8.63713942636;0.0;0.0;0.0;0.0;0.0;0.0;0.0;0.0;0.0;0.0;0.0;0.0;88;2013-05-24 11:00:00;1369393200;2013-05-17 11:00:00;1368788400
0.5307;0.0;0.0;0.0;0.0;0.0;0.0;0.0;0.0;0.0;0.0;0.0;MS;93.2358581094;0.993929055146;0.0;2.01591835952;0.00142278969393;0.0;0.0;0.0;0.0;0.0;0.0;0.0;0.0;0.0;0.0;0.0;0.0;89;2013-05-31 11:00:00;1369998000;2013-05-24 11:00:00;1369393200
0.5294;0.0;0.0;0.0;0.0;0.0;0.0;0.0;0.0;0.0;0.0;0.0;SS;76.5687830762;0.97828655375;0.0;1.80689320165;8.63713942636;0.0;0.0;0.0;0.0;0.0;0.0;0.0;0.0;0.0;0.0;0.0;0.0;89;2013-05-31 11:00:00;1369998000;2013-05-24 11:00:00;1369393200
0.5259;0.0;0.0;0.0;0.0;0.0;0.0;0.0;0.0;0.0;0.0;0.0;MS;90.6990236508;0.994937190991;0.0;2.00531646499;0.00253771636541;0.0;0.0;0.0;0.0;0.0;0.0;0.0;0.0;0.0;0.0;0.0;0.0;90;2013-06-07 11:00:00;1370602800;2013-05-31 11:00:00;1369998000
0.5124;0.0;0.0;0.0;0.0;0.0;0.0;0.0;0.0;0.0;0.0;0.0;SS;79.607917734;0.978423595764;0.0;1.83922606667;1.45026659545;0.0;0.0;0.0;0.0;0.0;0.0;0.0;0.0;0.0;0.0;0.0;0.0;90;2013-06-07 11:00:00;1370602800;2013-05-31 11:00:00;1369998000
0.5391;0.0;0.0;0.0;0.0;0.0;0.0;0.0;0.0;0.0;0.0;0.0;MS;94.4082999871;0.993521119529;0.0;2.00447487201;1.91483494031e-05;0.0;0.0;0.0;0.0;0.0;0.0;0.0;0.0;0.0;0.0;0.0;0.0;91;2013-06-14 11:00:00;1371207600;2013-06-07 11:00:00;1370602800
0.5126;0.0;0.0;0.0;0.0;0.0;0.0;0.0;0.0;0.0;0.0;0.0;SS;76.8230444226;0.978094658542;0.0;1.80908007384;0.477667622551;0.0;0.0;0.0;0.0;0.0;0.0;0.0;0.0;0.0;0.0;0.0;0.0;91;2013-06-14 11:00:00;1371207600;2013-06-07 11:00:00;1370602800
0.5244;0.0;0.0;0.0;0.0;0.0;0.0;0.0;0.0;0.0;0.0;0.0;MS;98.205705963;0.991666059782;0.0;1.97379555303;17.7928153707;0.0;0.0;0.0;0.0;0.0;0.0;0.0;0.0;0.0;0.0;0.0;0.0;92;2013-06-21 11:00:00;1371812400;2013-06-14 11:00:00;1371207600
0.5367;0.0;0.0;0.0;0.0;0.0;0.0;0.0;0.0;0.0;0.0;0.0;SS;69.4711467661;0.981517577692;0.0;1.67157885688;37.4741922668;0.0;0.0;0.0;0.0;0.0;0.0;0.0;0.0;0.0;0.0;0.0;0.0;92;2013-06-21 11:00:00;1371812400;2013-06-14 11:00:00;1371207600
0.5236;0.0;0.0;0.0;0.0;0.0;0.0;0.0;0.0;0.0;0.0;0.0;MS;101.672213006;0.990633094295;0.0;2.00632034102;0.00215373895157;0.0;0.0;0.0;0.0;0.0;0.0;0.0;0.0;0.0;0.0;0.0;0.0;93;2013-06-28 11:00:00;1372417200;2013-06-21 11:00:00;1371812400
0.5261;0.0;0.0;0.0;0.0;0.0;0.0;0.0;0.0;0.0;0.0;0.0;SS;79.6110384686;0.976580640434;0.0;1.77356808507;17.6540689451;0.0;0.0;0.0;0.0;0.0;0.0;0.0;0.0;0.0;0.0;0.0;0.0;93;2013-06-28 11:00:00;1372417200;2013-06-21 11:00:00;1371812400
0.5424;0.0;0.0;0.0;0.0;0.0;0.0;0.0;0.0;0.0;0.0;0.0;MS;100.930573042;0.990901314823;0.0;1.98747844455;15.0531145946;0.0;0.0;0.0;0.0;0.0;0.0;0.0;0.0;0.0;0.0;0.0;0.0;94;2013-07-05 11:00:00;1373022000;2013-06-28 11:00:00;1372417200
0.5301;0.0;0.0;0.0;0.0;0.0;0.0;0.0;0.0;0.0;0.0;0.0;SS;78.6797226533;0.978006359665;0.0;1.82461759557;10.1928080169;0.0;0.0;0.0;0.0;0.0;0.0;0.0;0.0;0.0;0.0;0.0;0.0;94;2013-07-05 11:00:00;1373022000;2013-06-28 11:00:00;1372417200
0.5515;0.0;0.0;0.0;0.0;0.0;0.0;0.0;0.0;0.0;0.0;0.0;MS;103.091151941;0.990412610367;0.0;2.01353930168;0.00777036891835;0.0;0.0;0.0;0.0;0.0;0.0;0.0;0.0;0.0;0.0;0.0;0.0;95;2013-07-12 11:00:00;1373626800;2013-07-05 11:00:00;1373022000
0.5138;0.0;0.0;0.0;0.0;0.0;0.0;0.0;0.0;0.0;0.0;0.0;SS;77.7388008273;0.977927042816;0.0;1.7755017568;11.0036113216;0.0;0.0;0.0;0.0;0.0;0.0;0.0;0.0;0.0;0.0;0.0;0.0;95;2013-07-12 11:00:00;1373626800;2013-07-05 11:00:00;1373022000
0.5417;0.0;0.0;0.0;0.0;0.0;0.0;0.0;0.0;0.0;0.0;0.0;MS;105.990841187;0.990206572863;0.0;2.02943578583;0.40210809471;0.0;0.0;0.0;0.0;0.0;0.0;0.0;0.0;0.0;0.0;0.0;0.0;96;2013-07-19 11:00:00;1374231600;2013-07-12 11:00:00;1373626800
0.5156;0.0;0.0;0.0;0.0;0.0;0.0;0.0;0.0;0.0;0.0;0.0;SS;77.637276847;0.977866624974;0.0;1.66661924607;35.8117099821;0.0;0.0;0.0;0.0;0.0;0.0;0.0;0.0;0.0;0.0;0.0;0.0;96;2013-07-19 11:00:00;1374231600;2013-07-12 11:00:00;1373626800
0.5405;0.0;0.0;0.0;0.0;0.0;0.0;0.0;0.0;0.0;0.0;0.0;MS;97.8400272596;0.99279096017;0.0;2.03017594205;0.0648248617931;0.0;0.0;0.0;0.0;0.0;0.0;0.0;0.0;0.0;0.0;0.0;0.0;97;2013-07-26 11:00:00;1374836400;2013-07-19 11:00:00;1374231600
0.5357;0.0;0.0;0.0;0.0;0.0;0.0;0.0;0.0;0.0;0.0;0.0;SS;85.2864027484;0.975686881321;0.0;1.79087366936;17.0732539921;0.0;0.0;0.0;0.0;0.0;0.0;0.0;0.0;0.0;0.0;0.0;0.0;97;2013-07-26 11:00:00;1374836400;2013-07-19 11:00:00;1374231600
0.5412;0.0;0.0;0.0;0.0;0.0;0.0;0.0;0.0;0.0;0.0;0.0;MS;108.391598544;0.987861617071;0.0;2.01334289188;0.108365576976;0.0;0.0;0.0;0.0;0.0;0.0;0.0;0.0;0.0;0.0;0.0;0.0;98;2013-08-02 11:00:00;1375441200;2013-07-26 11:00:00;1374836400
0.5394;0.0;0.0;0.0;0.0;0.0;0.0;0.0;0.0;0.0;0.0;0.0;SS;95.8123660028;0.971000137859;0.0;1.46545280433;55.9151017011;0.0;0.0;0.0;0.0;0.0;0.0;0.0;0.0;0.0;0.0;0.0;0.0;98;2013-08-02 11:00:00;1375441200;2013-07-26 11:00:00;1374836400
0.5379;0.0;0.0;0.0;0.0;0.0;0.0;0.0;0.0;0.0;0.0;0.0;MS;96.5786302862;0.994463161482;0.0;2.01826257101;0.302527086049;0.0;0.0;0.0;0.0;0.0;0.0;0.0;0.0;0.0;0.0;0.0;0.0;99;2013-08-09 11:00:00;1376046000;2013-08-02 11:00:00;1375441200
0.528;0.0;0.0;0.0;0.0;0.0;0.0;0.0;0.0;0.0;0.0;0.0;SS;70.9594878428;0.981976443522;0.0;1.76752762276;20.8291209332;0.0;0.0;0.0;0.0;0.0;0.0;0.0;0.0;0.0;0.0;0.0;0.0;99;2013-08-09 11:00:00;1376046000;2013-08-02 11:00:00;1375441200
0.557;0.0;0.0;0.0;0.0;0.0;0.0;0.0;0.0;0.0;0.0;0.0;MS;94.4998350173;0.996786837751;0.0;1.99681886402;0.0301363446761;0.0;0.0;0.0;0.0;0.0;0.0;0.0;0.0;0.0;0.0;0.0;0.0;100;2013-08-16 11:00:00;1376650800;2013-08-09 11:00:00;1376046000
0.5364;0.0;0.0;0.0;0.0;0.0;0.0;0.0;0.0;0.0;0.0;0.0;SS;78.9027690825;0.981716549529;0.0;1.66432665632;32.7463279903;0.0;0.0;0.0;0.0;0.0;0.0;0.0;0.0;0.0;0.0;0.0;0.0;100;2013-08-16 11:00:00;1376650800;2013-08-09 11:00:00;1376046000
0.5468;0.0;0.0;0.0;0.0;0.0;0.0;0.0;0.0;0.0;0.0;0.0;MS;97.9357546612;0.986699643828;0.0;1.98303551528;14.770784965;0.0;0.0;0.0;0.0;0.0;0.0;0.0;0.0;0.0;0.0;0.0;0.0;101;2013-08-23 11:00:00;1377255600;2013-08-16 11:00:00;1376650800
0.552;0.0;0.0;0.0;0.0;0.0;0.0;0.0;0.0;0.0;0.0;0.0;SS;76.0870901538;0.973460210735;0.0;1.74621134298;27.5804699678;0.0;0.0;0.0;0.0;0.0;0.0;0.0;0.0;0.0;0.0;0.0;0.0;101;2013-08-23 11:00:00;1377255600;2013-08-16 11:00:00;1376650800
0.5374;0.0;0.0;0.0;0.0;0.0;0.0;0.0;0.0;0.0;0.0;0.0;MS;100.742709072;0.985606371435;0.0;2.01908323887;0.00766848362675;0.0;0.0;0.0;0.0;0.0;0.0;0.0;0.0;0.0;0.0;0.0;0.0;102;2013-08-30 11:00:00;1377860400;2013-08-23 11:00:00;1377255600
0.5374;0.0;0.0;0.0;0.0;0.0;0.0;0.0;0.0;0.0;0.0;0.0;SS;87.3995857787;0.968567563889;0.0;1.57448767706;45.7027318248;0.0;0.0;0.0;0.0;0.0;0.0;0.0;0.0;0.0;0.0;0.0;0.0;102;2013-08-30 11:00:00;1377860400;2013-08-23 11:00:00;1377255600
0.5129;0.0;0.0;0.0;0.0;0.0;0.0;0.0;0.0;0.0;0.0;0.0;MS;97.6735509422;0.995999373072;0.0;2.00730124353;0.0217176502798;0.0;0.0;0.0;0.0;0.0;0.0;0.0;0.0;0.0;0.0;0.0;0.0;103;2013-09-06 11:00:00;1378465200;2013-08-30 11:00:00;1377860400
0.5034;0.0;0.0;0.0;0.0;0.0;0.0;0.0;0.0;0.0;0.0;0.0;SS;93.1043855647;0.975880168517;0.0;1.05877364119;75.2402860803;0.0;0.0;0.0;0.0;0.0;0.0;0.0;0.0;0.0;0.0;0.0;0.0;103;2013-09-06 11:00:00;1378465200;2013-08-30 11:00:00;1377860400
0.5295;0.0;0.0;0.0;0.0;0.0;0.0;0.0;0.0;0.0;0.0;0.0;MS;99.9833504683;0.988719407187;0.0;2.00265273649;8.50551752226;0.0;0.0;0.0;0.0;0.0;0.0;0.0;0.0;0.0;0.0;0.0;0.0;104;2013-09-13 11:00:00;1379070000;2013-09-06 11:00:00;1378465200
0.5013;0.0;0.0;0.0;0.0;0.0;0.0;0.0;0.0;0.0;0.0;0.0;SS;76.7075069341;0.975305479869;0.0;1.79872263201;13.4023768548;0.0;0.0;0.0;0.0;0.0;0.0;0.0;0.0;0.0;0.0;0.0;0.0;104;2013-09-13 11:00:00;1379070000;2013-09-06 11:00:00;1378465200
0.5338;0.0;0.0;0.0;0.0;0.0;0.0;0.0;0.0;0.0;0.0;0.0;MS;97.2279320633;0.987919029229;0.0;2.00062335336;0.00909970102564;0.0;0.0;0.0;0.0;0.0;0.0;0.0;0.0;0.0;0.0;0.0;0.0;105;2013-09-20 11:00:00;1379674800;2013-09-13 11:00:00;1379070000
0.5215;0.0;0.0;0.0;0.0;0.0;0.0;0.0;0.0;0.0;0.0;0.0;SS;78.4688869188;0.972946844423;0.0;1.76959496313;25.8997762108;0.0;0.0;0.0;0.0;0.0;0.0;0.0;0.0;0.0;0.0;0.0;0.0;105;2013-09-20 11:00:00;1379674800;2013-09-13 11:00:00;1379070000
0.5314;0.0;0.0;0.0;0.0;0.0;0.0;0.0;0.0;0.0;0.0;0.0;MS;96.4867958744;0.986465726409;0.0;2.00165415551;0.0727058139552;0.0;0.0;0.0;0.0;0.0;0.0;0.0;0.0;0.0;0.0;0.0;0.0;106;2013-09-27 11:00:00;1380279600;2013-09-20 11:00:00;1379674800
0.5011;0.0;0.0;0.0;0.0;0.0;0.0;0.0;0.0;0.0;0.0;0.0;SS;75.6210250195;0.972078435698;0.0;1.79280749072;17.0009487097;0.0;0.0;0.0;0.0;0.0;0.0;0.0;0.0;0.0;0.0;0.0;0.0;106;2013-09-27 11:00:00;1380279600;2013-09-20 11:00:00;1379674800
0.5304;0.0;0.0;0.0;0.0;0.0;0.0;0.0;0.0;0.0;0.0;0.0;MS;86.4366152296;0.991523341094;0.0;2.00069432085;0.00438888137845;0.0;0.0;0.0;0.0;0.0;0.0;0.0;0.0;0.0;0.0;0.0;0.0;107;2013-10-04 11:00:00;1380884400;2013-09-27 11:00:00;1380279600
0.5265;0.0;0.0;0.0;0.0;0.0;0.0;0.0;0.0;0.0;0.0;0.0;SS;72.3438132592;0.974957852466;0.0;1.81055674271;0.676466271889;0.0;0.0;0.0;0.0;0.0;0.0;0.0;0.0;0.0;0.0;0.0;0.0;107;2013-10-04 11:00:00;1380884400;2013-09-27 11:00:00;1380279600
0.5177;0.0;0.0;0.0;0.0;0.0;0.0;0.0;0.0;0.0;0.0;0.0;MS;83.1055697513;0.993953858668;0.0;2.00183933919;0.0803088631052;0.0;0.0;0.0;0.0;0.0;0.0;0.0;0.0;0.0;0.0;0.0;0.0;108;2013-10-11 11:00:00;1381489200;2013-10-04 11:00:00;1380884400
0.4963;0.0;0.0;0.0;0.0;0.0;0.0;0.0;0.0;0.0;0.0;0.0;SS;83.6144432569;0.97211943738;0.0;1.81741874277;0.0596899870694;0.0;0.0;0.0;0.0;0.0;0.0;0.0;0.0;0.0;0.0;0.0;0.0;108;2013-10-11 11:00:00;1381489200;2013-10-04 11:00:00;1380884400
0.5307;0.0;0.0;0.0;0.0;0.0;0.0;0.0;0.0;0.0;0.0;0.0;MS;99.2926797035;0.987735280222;0.0;1.99347156727;0.0699277064417;0.0;0.0;0.0;0.0;0.0;0.0;0.0;0.0;0.0;0.0;0.0;0.0;109;2013-10-18 11:00:00;1382094000;2013-10-11 11:00:00;1381489200
0.5083;0.0;0.0;0.0;0.0;0.0;0.0;0.0;0.0;0.0;0.0;0.0;SS;81.5264412345;0.973835304644;0.0;1.75501054288;18.3374595524;0.0;0.0;0.0;0.0;0.0;0.0;0.0;0.0;0.0;0.0;0.0;0.0;109;2013-10-18 11:00:00;1382094000;2013-10-11 11:00:00;1381489200
0.525;0.0;0.0;0.0;0.0;0.0;0.0;0.0;0.0;0.0;0.0;0.0;MS;84.4982876648;0.994020373496;0.0;1.99802266854;0.0199946529661;0.0;0.0;0.0;0.0;0.0;0.0;0.0;0.0;0.0;0.0;0.0;0.0;110;2013-10-25 11:00:00;1382698800;2013-10-18 11:00:00;1382094000
0.5221;0.0;0.0;0.0;0.0;0.0;0.0;0.0;0.0;0.0;0.0;0.0;SS;77.1348240958;0.974200205959;0.0;1.73277338941;26.6863080403;0.0;0.0;0.0;0.0;0.0;0.0;0.0;0.0;0.0;0.0;0.0;0.0;110;2013-10-25 11:00:00;1382698800;2013-10-18 11:00:00;1382094000
0.5305;0.0;0.0;0.0;0.0;0.0;0.0;0.0;0.0;0.0;0.0;0.0;MS;97.5497862586;0.987695210782;0.0;1.99442020364;0.0105048702532;0.0;0.0;0.0;0.0;0.0;0.0;0.0;0.0;0.0;0.0;0.0;0.0;111;2013-11-01 11:00:00;1383303600;2013-10-25 11:00:00;1382698800
0.5123;0.0;0.0;0.0;0.0;0.0;0.0;0.0;0.0;0.0;0.0;0.0;SS;77.4172020797;0.973446194636;0.0;1.73294757265;29.8515943802;0.0;0.0;0.0;0.0;0.0;0.0;0.0;0.0;0.0;0.0;0.0;0.0;111;2013-11-01 11:00:00;1383303600;2013-10-25 11:00:00;1382698800
0.5354;0.0;0.0;0.0;0.0;0.0;0.0;0.0;0.0;0.0;0.0;0.0;MS;98.500315024;0.988918931755;0.0;1.99903852081;0.00975102766587;0.0;0.0;0.0;0.0;0.0;0.0;0.0;0.0;0.0;0.0;0.0;0.0;112;2013-11-08 11:00:00;1383908400;2013-11-01 11:00:00;1383303600
0.5408;0.0;0.0;0.0;0.0;0.0;0.0;0.0;0.0;0.0;0.0;0.0;SS;80.1608021763;0.974388571358;0.0;1.79524663371;0.421341420243;0.0;0.0;0.0;0.0;0.0;0.0;0.0;0.0;0.0;0.0;0.0;0.0;112;2013-11-08 11:00:00;1383908400;2013-11-01 11:00:00;1383303600
0.5482;0.0;0.0;0.0;0.0;0.0;0.0;0.0;0.0;0.0;0.0;0.0;MS;100.98099413;0.990508797532;0.0;2.03167860612;0.102305795628;0.0;0.0;0.0;0.0;0.0;0.0;0.0;0.0;0.0;0.0;0.0;0.0;113;2013-11-15 11:00:00;1384513200;2013-11-08 11:00:00;1383908400
0.5169;0.0;0.0;0.0;0.0;0.0;0.0;0.0;0.0;0.0;0.0;0.0;SS;81.1699237807;0.97322975403;0.0;1.71578377957;0.152742362295;0.0;0.0;0.0;0.0;0.0;0.0;0.0;0.0;0.0;0.0;0.0;0.0;113;2013-11-15 11:00:00;1384513200;2013-11-08 11:00:00;1383908400
0.54;0.0;0.0;0.0;0.0;0.0;0.0;0.0;0.0;0.0;0.0;0.0;MS;-1400.92606698;2.960131961;0.0;4.0894069816;0.00591602116195;0.0;0.0;0.0;0.0;0.0;0.0;0.0;0.0;0.0;0.0;0.0;0.0;114;2013-11-22 11:00:00;1385118000;2013-11-15 11:00:00;1384513200
0.51;0.0;0.0;0.0;0.0;0.0;0.0;0.0;0.0;0.0;0.0;0.0;SS;-9498.81009402;11.6348279285;0.0;85.6910800388;33.2920201094;0.0;0.0;0.0;0.0;0.0;0.0;0.0;0.0;0.0;0.0;0.0;0.0;114;2013-11-22 11:00:00;1385118000;2013-11-15 11:00:00;1384513200
0.54;0.0;0.0;0.0;0.0;0.0;0.0;0.0;0.0;0.0;0.0;0.0;MS;-1400.92606698;2.960131961;0.0;4.0894069816;0.00591602116195;0.0;0.0;0.0;0.0;0.0;0.0;0.0;0.0;0.0;0.0;0.0;0.0;115;2013-11-29 11:00:00;1385722800;2013-11-22 11:00:00;1385118000
0.51;0.0;0.0;0.0;0.0;0.0;0.0;0.0;0.0;0.0;0.0;0.0;SS;-9498.81009402;11.6348279285;0.0;85.6910800388;33.2920201094;0.0;0.0;0.0;0.0;0.0;0.0;0.0;0.0;0.0;0.0;0.0;0.0;115;2013-11-29 11:00:00;1385722800;2013-11-22 11:00:00;1385118000
0.54;0.0;0.0;0.0;0.0;0.0;0.0;0.0;0.0;0.0;0.0;0.0;MS;102.14821745;0.993741285541;0.0;2.0605968212;0.00071996797764;0.0;0.0;0.0;0.0;0.0;0.0;0.0;0.0;0.0;0.0;0.0;0.0;116;2013-12-06 11:00:00;1386327600;2013-11-29 11:00:00;1385722800
0.51;0.0;0.0;0.0;0.0;0.0;0.0;0.0;0.0;0.0;0.0;0.0;SS;85.8363442798;0.97785893644;0.0;1.73624411211;31.5757915896;0.0;0.0;0.0;0.0;0.0;0.0;0.0;0.0;0.0;0.0;0.0;0.0;116;2013-12-06 11:00:00;1386327600;2013-11-29 11:00:00;1385722800
0.572482;0.0;0.0;0.0;0.0;0.0;0.0;0.0;0.0;0.0;0.0;0.0;MS;102.690736488;0.995853426368;0.0;2.02337008657;0.0622816559372;0.0;0.0;0.0;0.0;0.0;0.0;0.0;0.0;0.0;0.0;0.0;0.0;117;2013-12-13 11:00:00;1386932400;2013-12-06 11:00:00;1386327600
0.551085;0.0;0.0;0.0;0.0;0.0;0.0;0.0;0.0;0.0;0.0;0.0;SS;85.3849705422;0.9802026732;0.0;1.80153824392;0.185040254256;0.0;0.0;0.0;0.0;0.0;0.0;0.0;0.0;0.0;0.0;0.0;0.0;117;2013-12-13 11:00:00;1386932400;2013-12-06 11:00:00;1386327600
0.56489;0.0;0.0;0.0;0.0;0.0;0.0;0.0;0.0;0.0;0.0;0.0;MS;87.848784596;0.994597112643;0.0;2.01538923847;0.0464374636563;0.0;0.0;0.0;0.0;0.0;0.0;0.0;0.0;0.0;0.0;0.0;0.0;118;2013-12-20 11:00:00;1387537200;2013-12-13 11:00:00;1386932400
0.5505;0.0;0.0;0.0;0.0;0.0;0.0;0.0;0.0;0.0;0.0;0.0;SS;79.5533163468;0.975832423614;0.0;1.77474760689;19.4706094157;0.0;0.0;0.0;0.0;0.0;0.0;0.0;0.0;0.0;0.0;0.0;0.0;118;2013-12-20 11:00:00;1387537200;2013-12-13 11:00:00;1386932400
0.571356;0.0;0.0;0.0;0.0;0.0;0.0;0.0;0.0;0.0;0.0;0.0;MS;86.0212409138;0.996033417151;0.0;2.00903928558;0.0188149254365;0.0;0.0;0.0;0.0;0.0;0.0;0.0;0.0;0.0;0.0;0.0;0.0;119;2013-12-27 11:00:00;1388142000;2013-12-20 11:00:00;1387537200
0.552919;0.0;0.0;0.0;0.0;0.0;0.0;0.0;0.0;0.0;0.0;0.0;SS;76.637234898;0.977601477254;0.0;1.71653843806;29.3838534671;0.0;0.0;0.0;0.0;0.0;0.0;0.0;0.0;0.0;0.0;0.0;0.0;119;2013-12-27 11:00:00;1388142000;2013-12-20 11:00:00;1387537200
0.550437;0.0;0.0;0.0;0.0;0.0;0.0;0.0;0.0;0.0;0.0;0.0;MS;94.5417109639;0.994358604464;0.0;1.99283565247;0.00799784279301;0.0;0.0;0.0;0.0;0.0;0.0;0.0;0.0;0.0;0.0;0.0;0.0;120;2014-01-03 11:00:00;1388746800;2013-12-27 11:00:00;1388142000
0.527609;0.0;0.0;0.0;0.0;0.0;0.0;0.0;0.0;0.0;0.0;0.0;SS;74.7734440873;0.979711034058;0.0;1.83307391773;9.87267564851;0.0;0.0;0.0;0.0;0.0;0.0;0.0;0.0;0.0;0.0;0.0;0.0;120;2014-01-03 11:00:00;1388746800;2013-12-27 11:00:00;1388142000
0.567206;0.0;0.0;0.0;0.0;0.0;0.0;0.0;0.0;0.0;0.0;0.0;MS;87.2421360917;0.995687676131;0.0;1.99174579566;0.0438076091883;0.0;0.0;0.0;0.0;0.0;0.0;0.0;0.0;0.0;0.0;0.0;0.0;121;2014-01-10 11:00:00;1389351600;2014-01-03 11:00:00;1388746800
0.542362;0.0;0.0;0.0;0.0;0.0;0.0;0.0;0.0;0.0;0.0;0.0;SS;75.2537900867;0.978311177628;0.0;1.69602214674;32.1963739656;0.0;0.0;0.0;0.0;0.0;0.0;0.0;0.0;0.0;0.0;0.0;0.0;121;2014-01-10 11:00:00;1389351600;2014-01-03 11:00:00;1388746800
0.559831;0.0;0.0;0.0;0.0;0.0;0.0;0.0;0.0;0.0;0.0;0.0;MS;87.6590075184;0.997306022579;0.0;2.01882602479;0.04704668981;0.0;0.0;0.0;0.0;0.0;0.0;0.0;0.0;0.0;0.0;0.0;0.0;122;2014-01-17 11:00:00;1389956400;2014-01-10 11:00:00;1389351600
0.539534;0.0;0.0;0.0;0.0;0.0;0.0;0.0;0.0;0.0;0.0;0.0;SS;81.7187311608;0.977493815001;0.0;1.73367618369;26.6462090608;0.0;0.0;0.0;0.0;0.0;0.0;0.0;0.0;0.0;0.0;0.0;0.0;122;2014-01-17 11:00:00;1389956400;2014-01-10 11:00:00;1389351600
0.554343;0.0;0.0;0.0;0.0;0.0;0.0;0.0;0.0;0.0;0.0;0.0;MS;78.8428778079;0.999644067153;0.0;2.00204462707;0.0162429644731;0.0;0.0;0.0;0.0;0.0;0.0;0.0;0.0;0.0;0.0;0.0;0.0;123;2014-01-24 11:00:00;1390561200;2014-01-17 11:00:00;1389956400
0.532491;0.0;0.0;0.0;0.0;0.0;0.0;0.0;0.0;0.0;0.0;0.0;SS;81.4996361949;0.976200045457;0.0;1.72395253647;29.2582798033;0.0;0.0;0.0;0.0;0.0;0.0;0.0;0.0;0.0;0.0;0.0;0.0;123;2014-01-24 11:00:00;1390561200;2014-01-17 11:00:00;1389956400
0.546289;0.0;0.0;0.0;0.0;0.0;0.0;0.0;0.0;0.0;0.0;0.0;MS;82.1773971417;0.997998450638;0.0;2.03156911655;0.00486352164745;0.0;0.0;0.0;0.0;0.0;0.0;0.0;0.0;0.0;0.0;0.0;0.0;124;2014-01-31 11:00:00;1391166000;2014-01-24 11:00:00;1390561200
0.513123;0.0;0.0;0.0;0.0;0.0;0.0;0.0;0.0;0.0;0.0;0.0;SS;102.373337513;0.968231167161;0.0;0.732322239982;84.1507015564;0.0;0.0;0.0;0.0;0.0;0.0;0.0;0.0;0.0;0.0;0.0;0.0;124;2014-01-31 11:00:00;1391166000;2014-01-24 11:00:00;1390561200
0.572936;0.0;0.0;0.0;0.0;0.0;0.0;0.0;0.0;0.0;0.0;0.0;MS;85.6663679044;0.994988096298;0.0;2.02363588219;0.0200259310379;0.0;0.0;0.0;0.0;0.0;0.0;0.0;0.0;0.0;0.0;0.0;0.0;125;2019-12-31 00:00:00;1577750400;2014-01-31 11:00:00;1391166000
0.553462;0.0;0.0;0.0;0.0;0.0;0.0;0.0;0.0;0.0;0.0;0.0;SS;78.3596203913;0.975494783077;0.0;1.79624823049;13.2257791064;0.0;0.0;0.0;0.0;0.0;0.0;0.0;0.0;0.0;0.0;0.0;0.0;125;2019-12-31 00:00:00;1577750400;2014-01-31 11:00:00;1391166000
